0.50000000 -0.60000000
0.50000000 -0.57000000
0.50000000 -0.54000000
0.50000000 -0.51000000
0.50000000 -0.48000000
0.50000000 -0.45000000
0.50000000 -0.42000000
0.50000000 -0.39000000
0.50000000 -0.36000000
0.50000000 -0.33000000
0.50000000 -0.30000000
0.50000000 -0.27000000
0.50000000 -0.24000000
0.50000000 -0.21000000
0.50000000 -0.18000000
0.50000000 -0.15000000
0.50000000 -0.12000000
0.50000000 -0.09000000
0.50000000 -0.06000000
0.50000000 -0.03000000
0.50000000 0.00000000
0.50000000 0.03000000
0.50000000 0.06000000
0.50000000 0.09000000
0.50000000 0.12000000
0.50000000 0.15000000
0.50000000 0.18000000
0.50000000 0.21000000
0.50000000 0.24000000
0.50000000 0.27000000
0.50000000 0.30000000
0.50000000 0.33000000
0.50000000 0.36000000
0.50000000 0.39000000
0.50000000 0.42000000
0.50000000 0.45000000
0.50000000 0.48000000
0.50000000 0.51000000
0.50000000 0.54000000
0.50000000 0.57000000
0.50000000 0.60000000
0.52750000 -0.60000000
0.52750000 -0.57000000
0.52750000 -0.54000000
0.52750000 -0.51000000
0.52750000 -0.48000000
0.52750000 -0.45000000
0.52750000 -0.42000000
0.52750000 -0.39000000
0.52750000 -0.36000000
0.52750000 -0.33000000
0.52750000 -0.30000000
0.52750000 -0.27000000
0.52750000 -0.24000000
0.52750000 -0.21000000
0.52750000 -0.18000000
0.52750000 -0.15000000
0.52750000 -0.12000000
0.52750000 -0.09000000
0.52750000 -0.06000000
0.52750000 -0.03000000
0.52750000 0.00000000
0.52750000 0.03000000
0.52750000 0.06000000
0.52750000 0.09000000
0.52750000 0.12000000
0.52750000 0.15000000
0.52750000 0.18000000
0.52750000 0.21000000
0.52750000 0.24000000
0.52750000 0.27000000
0.52750000 0.30000000
0.52750000 0.33000000
0.52750000 0.36000000
0.52750000 0.39000000
0.52750000 0.42000000
0.52750000 0.45000000
0.52750000 0.48000000
0.52750000 0.51000000
0.52750000 0.54000000
0.52750000 0.57000000
0.52750000 0.60000000
0.55500000 -0.60000000
0.55500000 -0.57000000
0.55500000 -0.54000000
0.55500000 -0.51000000
0.55500000 -0.48000000
0.55500000 -0.45000000
0.55500000 -0.42000000
0.55500000 -0.39000000
0.55500000 -0.36000000
0.55500000 -0.33000000
0.55500000 -0.30000000
0.55500000 -0.27000000
0.55500000 -0.24000000
0.55500000 -0.21000000
0.55500000 -0.18000000
0.55500000 -0.15000000
0.55500000 -0.12000000
0.55500000 -0.09000000
0.55500000 -0.06000000
0.55500000 -0.03000000
0.55500000 0.00000000
0.55500000 0.03000000
0.55500000 0.06000000
0.55500000 0.09000000
0.55500000 0.12000000
0.55500000 0.15000000
0.55500000 0.18000000
0.55500000 0.21000000
0.55500000 0.24000000
0.55500000 0.27000000
0.55500000 0.30000000
0.55500000 0.33000000
0.55500000 0.36000000
0.55500000 0.39000000
0.55500000 0.42000000
0.55500000 0.45000000
0.55500000 0.48000000
0.55500000 0.51000000
0.55500000 0.54000000
0.55500000 0.57000000
0.55500000 0.60000000
0.58250000 -0.60000000
0.58250000 -0.57000000
0.58250000 -0.54000000
0.58250000 -0.51000000
0.58250000 -0.48000000
0.58250000 -0.45000000
0.58250000 -0.42000000
0.58250000 -0.39000000
0.58250000 -0.36000000
0.58250000 -0.33000000
0.58250000 -0.30000000
0.58250000 -0.27000000
0.58250000 -0.24000000
0.58250000 -0.21000000
0.58250000 -0.18000000
0.58250000 -0.15000000
0.58250000 -0.12000000
0.58250000 -0.09000000
0.58250000 -0.06000000
0.58250000 -0.03000000
0.58250000 0.00000000
0.58250000 0.03000000
0.58250000 0.06000000
0.58250000 0.09000000
0.58250000 0.12000000
0.58250000 0.15000000
0.58250000 0.18000000
0.58250000 0.21000000
0.58250000 0.24000000
0.58250000 0.27000000
0.58250000 0.30000000
0.58250000 0.33000000
0.58250000 0.36000000
0.58250000 0.39000000
0.58250000 0.42000000
0.58250000 0.45000000
0.58250000 0.48000000
0.58250000 0.51000000
0.58250000 0.54000000
0.58250000 0.57000000
0.58250000 0.60000000
0.61000000 -0.60000000
0.61000000 -0.57000000
0.61000000 -0.54000000
0.61000000 -0.51000000
0.61000000 -0.48000000
0.61000000 -0.45000000
0.61000000 -0.42000000
0.61000000 -0.39000000
0.61000000 -0.36000000
0.61000000 -0.33000000
0.61000000 -0.30000000
0.61000000 -0.27000000
0.61000000 -0.24000000
0.61000000 -0.21000000
0.61000000 -0.18000000
0.61000000 -0.15000000
0.61000000 -0.12000000
0.61000000 -0.09000000
0.61000000 -0.06000000
0.61000000 -0.03000000
0.61000000 0.00000000
0.61000000 0.03000000
0.61000000 0.06000000
0.61000000 0.09000000
0.61000000 0.12000000
0.61000000 0.15000000
0.61000000 0.18000000
0.61000000 0.21000000
0.61000000 0.24000000
0.61000000 0.27000000
0.61000000 0.30000000
0.61000000 0.33000000
0.61000000 0.36000000
0.61000000 0.39000000
0.61000000 0.42000000
0.61000000 0.45000000
0.61000000 0.48000000
0.61000000 0.51000000
0.61000000 0.54000000
0.61000000 0.57000000
0.61000000 0.60000000
0.63750000 -0.60000000
0.63750000 -0.57000000
0.63750000 -0.54000000
0.63750000 -0.51000000
0.63750000 -0.48000000
0.63750000 -0.45000000
0.63750000 -0.42000000
0.63750000 -0.39000000
0.63750000 -0.36000000
0.63750000 -0.33000000
0.63750000 -0.30000000
0.63750000 -0.27000000
0.63750000 -0.24000000
0.63750000 -0.21000000
0.63750000 -0.18000000
0.63750000 -0.15000000
0.63750000 -0.12000000
0.63750000 -0.09000000
0.63750000 -0.06000000
0.63750000 -0.03000000
0.63750000 0.00000000
0.63750000 0.03000000
0.63750000 0.06000000
0.63750000 0.09000000
0.63750000 0.12000000
0.63750000 0.15000000
0.63750000 0.18000000
0.63750000 0.21000000
0.63750000 0.24000000
0.63750000 0.27000000
0.63750000 0.30000000
0.63750000 0.33000000
0.63750000 0.36000000
0.63750000 0.39000000
0.63750000 0.42000000
0.63750000 0.45000000
0.63750000 0.48000000
0.63750000 0.51000000
0.63750000 0.54000000
0.63750000 0.57000000
0.63750000 0.60000000
0.66500000 -0.60000000
0.66500000 -0.57000000
0.66500000 -0.54000000
0.66500000 -0.51000000
0.66500000 -0.48000000
0.66500000 -0.45000000
0.66500000 -0.42000000
0.66500000 -0.39000000
0.66500000 -0.36000000
0.66500000 -0.33000000
0.66500000 -0.30000000
0.66500000 -0.27000000
0.66500000 -0.24000000
0.66500000 -0.21000000
0.66500000 -0.18000000
0.66500000 -0.15000000
0.66500000 -0.12000000
0.66500000 -0.09000000
0.66500000 -0.06000000
0.66500000 -0.03000000
0.66500000 0.00000000
0.66500000 0.03000000
0.66500000 0.06000000
0.66500000 0.09000000
0.66500000 0.12000000
0.66500000 0.15000000
0.66500000 0.18000000
0.66500000 0.21000000
0.66500000 0.24000000
0.66500000 0.27000000
0.66500000 0.30000000
0.66500000 0.33000000
0.66500000 0.36000000
0.66500000 0.39000000
0.66500000 0.42000000
0.66500000 0.45000000
0.66500000 0.48000000
0.66500000 0.51000000
0.66500000 0.54000000
0.66500000 0.57000000
0.66500000 0.60000000
0.69250000 -0.60000000
0.69250000 -0.57000000
0.69250000 -0.54000000
0.69250000 -0.51000000
0.69250000 -0.48000000
0.69250000 -0.45000000
0.69250000 -0.42000000
0.69250000 -0.39000000
0.69250000 -0.36000000
0.69250000 -0.33000000
0.69250000 -0.30000000
0.69250000 -0.27000000
0.69250000 -0.24000000
0.69250000 -0.21000000
0.69250000 -0.18000000
0.69250000 -0.15000000
0.69250000 -0.12000000
0.69250000 -0.09000000
0.69250000 -0.06000000
0.69250000 -0.03000000
0.69250000 0.00000000
0.69250000 0.03000000
0.69250000 0.06000000
0.69250000 0.09000000
0.69250000 0.12000000
0.69250000 0.15000000
0.69250000 0.18000000
0.69250000 0.21000000
0.69250000 0.24000000
0.69250000 0.27000000
0.69250000 0.30000000
0.69250000 0.33000000
0.69250000 0.36000000
0.69250000 0.39000000
0.69250000 0.42000000
0.69250000 0.45000000
0.69250000 0.48000000
0.69250000 0.51000000
0.69250000 0.54000000
0.69250000 0.57000000
0.69250000 0.60000000
0.72000000 -0.60000000
0.72000000 -0.57000000
0.72000000 -0.54000000
0.72000000 -0.51000000
0.72000000 -0.48000000
0.72000000 -0.45000000
0.72000000 -0.42000000
0.72000000 -0.39000000
0.72000000 -0.36000000
0.72000000 -0.33000000
0.72000000 -0.30000000
0.72000000 -0.27000000
0.72000000 -0.24000000
0.72000000 -0.21000000
0.72000000 -0.18000000
0.72000000 -0.15000000
0.72000000 -0.12000000
0.72000000 -0.09000000
0.72000000 -0.06000000
0.72000000 -0.03000000
0.72000000 0.00000000
0.72000000 0.03000000
0.72000000 0.06000000
0.72000000 0.09000000
0.72000000 0.12000000
0.72000000 0.15000000
0.72000000 0.18000000
0.72000000 0.21000000
0.72000000 0.24000000
0.72000000 0.27000000
0.72000000 0.30000000
0.72000000 0.33000000
0.72000000 0.36000000
0.72000000 0.39000000
0.72000000 0.42000000
0.72000000 0.45000000
0.72000000 0.48000000
0.72000000 0.51000000
0.72000000 0.54000000
0.72000000 0.57000000
0.72000000 0.60000000
0.74750000 -0.60000000
0.74750000 -0.57000000
0.74750000 -0.54000000
0.74750000 -0.51000000
0.74750000 -0.48000000
0.74750000 -0.45000000
0.74750000 -0.42000000
0.74750000 -0.39000000
0.74750000 -0.36000000
0.74750000 -0.33000000
0.74750000 -0.30000000
0.74750000 -0.27000000
0.74750000 -0.24000000
0.74750000 -0.21000000
0.74750000 -0.18000000
0.74750000 -0.15000000
0.74750000 -0.12000000
0.74750000 -0.09000000
0.74750000 -0.06000000
0.74750000 -0.03000000
0.74750000 0.00000000
0.74750000 0.03000000
0.74750000 0.06000000
0.74750000 0.09000000
0.74750000 0.12000000
0.74750000 0.15000000
0.74750000 0.18000000
0.74750000 0.21000000
0.74750000 0.24000000
0.74750000 0.27000000
0.74750000 0.30000000
0.74750000 0.33000000
0.74750000 0.36000000
0.74750000 0.39000000
0.74750000 0.42000000
0.74750000 0.45000000
0.74750000 0.48000000
0.74750000 0.51000000
0.74750000 0.54000000
0.74750000 0.57000000
0.74750000 0.60000000
0.77500000 -0.60000000
0.77500000 -0.57000000
0.77500000 -0.54000000
0.77500000 -0.51000000
0.77500000 -0.48000000
0.77500000 -0.45000000
0.77500000 -0.42000000
0.77500000 -0.39000000
0.77500000 -0.36000000
0.77500000 -0.33000000
0.77500000 -0.30000000
0.77500000 -0.27000000
0.77500000 -0.24000000
0.77500000 -0.21000000
0.77500000 -0.18000000
0.77500000 -0.15000000
0.77500000 -0.12000000
0.77500000 -0.09000000
0.77500000 -0.06000000
0.77500000 -0.03000000
0.77500000 0.00000000
0.77500000 0.03000000
0.77500000 0.06000000
0.77500000 0.09000000
0.77500000 0.12000000
0.77500000 0.15000000
0.77500000 0.18000000
0.77500000 0.21000000
0.77500000 0.24000000
0.77500000 0.27000000
0.77500000 0.30000000
0.77500000 0.33000000
0.77500000 0.36000000
0.77500000 0.39000000
0.77500000 0.42000000
0.77500000 0.45000000
0.77500000 0.48000000
0.77500000 0.51000000
0.77500000 0.54000000
0.77500000 0.57000000
0.77500000 0.60000000
0.80250000 -0.60000000
0.80250000 -0.57000000
0.80250000 -0.54000000
0.80250000 -0.51000000
0.80250000 -0.48000000
0.80250000 -0.45000000
0.80250000 -0.42000000
0.80250000 -0.39000000
0.80250000 -0.36000000
0.80250000 -0.33000000
0.80250000 -0.30000000
0.80250000 -0.27000000
0.80250000 -0.24000000
0.80250000 -0.21000000
0.80250000 -0.18000000
0.80250000 -0.15000000
0.80250000 -0.12000000
0.80250000 -0.09000000
0.80250000 -0.06000000
0.80250000 -0.03000000
0.80250000 0.00000000
0.80250000 0.03000000
0.80250000 0.06000000
0.80250000 0.09000000
0.80250000 0.12000000
0.80250000 0.15000000
0.80250000 0.18000000
0.80250000 0.21000000
0.80250000 0.24000000
0.80250000 0.27000000
0.80250000 0.30000000
0.80250000 0.33000000
0.80250000 0.36000000
0.80250000 0.39000000
0.80250000 0.42000000
0.80250000 0.45000000
0.80250000 0.48000000
0.80250000 0.51000000
0.80250000 0.54000000
0.80250000 0.57000000
0.80250000 0.60000000
0.83000000 -0.60000000
0.83000000 -0.57000000
0.83000000 -0.54000000
0.83000000 -0.51000000
0.83000000 -0.48000000
0.83000000 -0.45000000
0.83000000 -0.42000000
0.83000000 -0.39000000
0.83000000 -0.36000000
0.83000000 -0.33000000
0.83000000 -0.30000000
0.83000000 -0.27000000
0.83000000 -0.24000000
0.83000000 -0.21000000
0.83000000 -0.18000000
0.83000000 -0.15000000
0.83000000 -0.12000000
0.83000000 -0.09000000
0.83000000 -0.06000000
0.83000000 -0.03000000
0.83000000 0.00000000
0.83000000 0.03000000
0.83000000 0.06000000
0.83000000 0.09000000
0.83000000 0.12000000
0.83000000 0.15000000
0.83000000 0.18000000
0.83000000 0.21000000
0.83000000 0.24000000
0.83000000 0.27000000
0.83000000 0.30000000
0.83000000 0.33000000
0.83000000 0.36000000
0.83000000 0.39000000
0.83000000 0.42000000
0.83000000 0.45000000
0.83000000 0.48000000
0.83000000 0.51000000
0.83000000 0.54000000
0.83000000 0.57000000
0.83000000 0.60000000
0.85750000 -0.60000000
0.85750000 -0.57000000
0.85750000 -0.54000000
0.85750000 -0.51000000
0.85750000 -0.48000000
0.85750000 -0.45000000
0.85750000 -0.42000000
0.85750000 -0.39000000
0.85750000 -0.36000000
0.85750000 -0.33000000
0.85750000 -0.30000000
0.85750000 -0.27000000
0.85750000 -0.24000000
0.85750000 -0.21000000
0.85750000 -0.18000000
0.85750000 -0.15000000
0.85750000 -0.12000000
0.85750000 -0.09000000
0.85750000 -0.06000000
0.85750000 -0.03000000
0.85750000 0.00000000
0.85750000 0.03000000
0.85750000 0.06000000
0.85750000 0.09000000
0.85750000 0.12000000
0.85750000 0.15000000
0.85750000 0.18000000
0.85750000 0.21000000
0.85750000 0.24000000
0.85750000 0.27000000
0.85750000 0.30000000
0.85750000 0.33000000
0.85750000 0.36000000
0.85750000 0.39000000
0.85750000 0.42000000
0.85750000 0.45000000
0.85750000 0.48000000
0.85750000 0.51000000
0.85750000 0.54000000
0.85750000 0.57000000
0.85750000 0.60000000
0.88500000 -0.60000000
0.88500000 -0.57000000
0.88500000 -0.54000000
0.88500000 -0.51000000
0.88500000 -0.48000000
0.88500000 -0.45000000
0.88500000 -0.42000000
0.88500000 -0.39000000
0.88500000 -0.36000000
0.88500000 -0.33000000
0.88500000 -0.30000000
0.88500000 -0.27000000
0.88500000 -0.24000000
0.88500000 -0.21000000
0.88500000 -0.18000000
0.88500000 -0.15000000
0.88500000 -0.12000000
0.88500000 -0.09000000
0.88500000 -0.06000000
0.88500000 -0.03000000
0.88500000 0.00000000
0.88500000 0.03000000
0.88500000 0.06000000
0.88500000 0.09000000
0.88500000 0.12000000
0.88500000 0.15000000
0.88500000 0.18000000
0.88500000 0.21000000
0.88500000 0.24000000
0.88500000 0.27000000
0.88500000 0.30000000
0.88500000 0.33000000
0.88500000 0.36000000
0.88500000 0.39000000
0.88500000 0.42000000
0.88500000 0.45000000
0.88500000 0.48000000
0.88500000 0.51000000
0.88500000 0.54000000
0.88500000 0.57000000
0.88500000 0.60000000
0.91250000 -0.60000000
0.91250000 -0.57000000
0.91250000 -0.54000000
0.91250000 -0.51000000
0.91250000 -0.48000000
0.91250000 -0.45000000
0.91250000 -0.42000000
0.91250000 -0.39000000
0.91250000 -0.36000000
0.91250000 -0.33000000
0.91250000 -0.30000000
0.91250000 -0.27000000
0.91250000 -0.24000000
0.91250000 -0.21000000
0.91250000 -0.18000000
0.91250000 -0.15000000
0.91250000 -0.12000000
0.91250000 -0.09000000
0.91250000 -0.06000000
0.91250000 -0.03000000
0.91250000 0.00000000
0.91250000 0.03000000
0.91250000 0.06000000
0.91250000 0.09000000
0.91250000 0.12000000
0.91250000 0.15000000
0.91250000 0.18000000
0.91250000 0.21000000
0.91250000 0.24000000
0.91250000 0.27000000
0.91250000 0.30000000
0.91250000 0.33000000
0.91250000 0.36000000
0.91250000 0.39000000
0.91250000 0.42000000
0.91250000 0.45000000
0.91250000 0.48000000
0.91250000 0.51000000
0.91250000 0.54000000
0.91250000 0.57000000
0.91250000 0.60000000
0.94000000 -0.60000000
0.94000000 -0.57000000
0.94000000 -0.54000000
0.94000000 -0.51000000
0.94000000 -0.48000000
0.94000000 -0.45000000
0.94000000 -0.42000000
0.94000000 -0.39000000
0.94000000 -0.36000000
0.94000000 -0.33000000
0.94000000 -0.30000000
0.94000000 -0.27000000
0.94000000 -0.24000000
0.94000000 -0.21000000
0.94000000 -0.18000000
0.94000000 -0.15000000
0.94000000 -0.12000000
0.94000000 -0.09000000
0.94000000 -0.06000000
0.94000000 -0.03000000
0.94000000 0.00000000
0.94000000 0.03000000
0.94000000 0.06000000
0.94000000 0.09000000
0.94000000 0.12000000
0.94000000 0.15000000
0.94000000 0.18000000
0.94000000 0.21000000
0.94000000 0.24000000
0.94000000 0.27000000
0.94000000 0.30000000
0.94000000 0.33000000
0.94000000 0.36000000
0.94000000 0.39000000
0.94000000 0.42000000
0.94000000 0.45000000
0.94000000 0.48000000
0.94000000 0.51000000
0.94000000 0.54000000
0.94000000 0.57000000
0.94000000 0.60000000
0.96750000 -0.60000000
0.96750000 -0.57000000
0.96750000 -0.54000000
0.96750000 -0.51000000
0.96750000 -0.48000000
0.96750000 -0.45000000
0.96750000 -0.42000000
0.96750000 -0.39000000
0.96750000 -0.36000000
0.96750000 -0.33000000
0.96750000 -0.30000000
0.96750000 -0.27000000
0.96750000 -0.24000000
0.96750000 -0.21000000
0.96750000 -0.18000000
0.96750000 -0.15000000
0.96750000 -0.12000000
0.96750000 -0.09000000
0.96750000 -0.06000000
0.96750000 -0.03000000
0.96750000 0.00000000
0.96750000 0.03000000
0.96750000 0.06000000
0.96750000 0.09000000
0.96750000 0.12000000
0.96750000 0.15000000
0.96750000 0.18000000
0.96750000 0.21000000
0.96750000 0.24000000
0.96750000 0.27000000
0.96750000 0.30000000
0.96750000 0.33000000
0.96750000 0.36000000
0.96750000 0.39000000
0.96750000 0.42000000
0.96750000 0.45000000
0.96750000 0.48000000
0.96750000 0.51000000
0.96750000 0.54000000
0.96750000 0.57000000
0.96750000 0.60000000
0.99500000 -0.60000000
0.99500000 -0.57000000
0.99500000 -0.54000000
0.99500000 -0.51000000
0.99500000 -0.48000000
0.99500000 -0.45000000
0.99500000 -0.42000000
0.99500000 -0.39000000
0.99500000 -0.36000000
0.99500000 -0.33000000
0.99500000 -0.30000000
0.99500000 -0.27000000
0.99500000 -0.24000000
0.99500000 -0.21000000
0.99500000 -0.18000000
0.99500000 -0.15000000
0.99500000 -0.12000000
0.99500000 -0.09000000
0.99500000 -0.06000000
0.99500000 -0.03000000
0.99500000 0.00000000
0.99500000 0.03000000
0.99500000 0.06000000
0.99500000 0.09000000
0.99500000 0.12000000
0.99500000 0.15000000
0.99500000 0.18000000
0.99500000 0.21000000
0.99500000 0.24000000
0.99500000 0.27000000
0.99500000 0.30000000
0.99500000 0.33000000
0.99500000 0.36000000
0.99500000 0.39000000
0.99500000 0.42000000
0.99500000 0.45000000
0.99500000 0.48000000
0.99500000 0.51000000
0.99500000 0.54000000
0.99500000 0.57000000
0.99500000 0.60000000
1.02250000 -0.60000000
1.02250000 -0.57000000
1.02250000 -0.54000000
1.02250000 -0.51000000
1.02250000 -0.48000000
1.02250000 -0.45000000
1.02250000 -0.42000000
1.02250000 -0.39000000
1.02250000 -0.36000000
1.02250000 -0.33000000
1.02250000 -0.30000000
1.02250000 -0.27000000
1.02250000 -0.24000000
1.02250000 -0.21000000
1.02250000 -0.18000000
1.02250000 -0.15000000
1.02250000 -0.12000000
1.02250000 -0.09000000
1.02250000 -0.06000000
1.02250000 -0.03000000
1.02250000 0.00000000
1.02250000 0.03000000
1.02250000 0.06000000
1.02250000 0.09000000
1.02250000 0.12000000
1.02250000 0.15000000
1.02250000 0.18000000
1.02250000 0.21000000
1.02250000 0.24000000
1.02250000 0.27000000
1.02250000 0.30000000
1.02250000 0.33000000
1.02250000 0.36000000
1.02250000 0.39000000
1.02250000 0.42000000
1.02250000 0.45000000
1.02250000 0.48000000
1.02250000 0.51000000
1.02250000 0.54000000
1.02250000 0.57000000
1.02250000 0.60000000
1.05000000 -0.60000000
1.05000000 -0.57000000
1.05000000 -0.54000000
1.05000000 -0.51000000
1.05000000 -0.48000000
1.05000000 -0.45000000
1.05000000 -0.42000000
1.05000000 -0.39000000
1.05000000 -0.36000000
1.05000000 -0.33000000
1.05000000 -0.30000000
1.05000000 -0.27000000
1.05000000 -0.24000000
1.05000000 -0.21000000
1.05000000 -0.18000000
1.05000000 -0.15000000
1.05000000 -0.12000000
1.05000000 -0.09000000
1.05000000 -0.06000000
1.05000000 -0.03000000
1.05000000 0.00000000
1.05000000 0.03000000
1.05000000 0.06000000
1.05000000 0.09000000
1.05000000 0.12000000
1.05000000 0.15000000
1.05000000 0.18000000
1.05000000 0.21000000
1.05000000 0.24000000
1.05000000 0.27000000
1.05000000 0.30000000
1.05000000 0.33000000
1.05000000 0.36000000
1.05000000 0.39000000
1.05000000 0.42000000
1.05000000 0.45000000
1.05000000 0.48000000
1.05000000 0.51000000
1.05000000 0.54000000
1.05000000 0.57000000
1.05000000 0.60000000
1.07750000 -0.60000000
1.07750000 -0.57000000
1.07750000 -0.54000000
1.07750000 -0.51000000
1.07750000 -0.48000000
1.07750000 -0.45000000
1.07750000 -0.42000000
1.07750000 -0.39000000
1.07750000 -0.36000000
1.07750000 -0.33000000
1.07750000 -0.30000000
1.07750000 -0.27000000
1.07750000 -0.24000000
1.07750000 -0.21000000
1.07750000 -0.18000000
1.07750000 -0.15000000
1.07750000 -0.12000000
1.07750000 -0.09000000
1.07750000 -0.06000000
1.07750000 -0.03000000
1.07750000 0.00000000
1.07750000 0.03000000
1.07750000 0.06000000
1.07750000 0.09000000
1.07750000 0.12000000
1.07750000 0.15000000
1.07750000 0.18000000
1.07750000 0.21000000
1.07750000 0.24000000
1.07750000 0.27000000
1.07750000 0.30000000
1.07750000 0.33000000
1.07750000 0.36000000
1.07750000 0.39000000
1.07750000 0.42000000
1.07750000 0.45000000
1.07750000 0.48000000
1.07750000 0.51000000
1.07750000 0.54000000
1.07750000 0.57000000
1.07750000 0.60000000
1.10500000 -0.60000000
1.10500000 -0.57000000
1.10500000 -0.54000000
1.10500000 -0.51000000
1.10500000 -0.48000000
1.10500000 -0.45000000
1.10500000 -0.42000000
1.10500000 -0.39000000
1.10500000 -0.36000000
1.10500000 -0.33000000
1.10500000 -0.30000000
1.10500000 -0.27000000
1.10500000 -0.24000000
1.10500000 -0.21000000
1.10500000 -0.18000000
1.10500000 -0.15000000
1.10500000 -0.12000000
1.10500000 -0.09000000
1.10500000 -0.06000000
1.10500000 -0.03000000
1.10500000 0.00000000
1.10500000 0.03000000
1.10500000 0.06000000
1.10500000 0.09000000
1.10500000 0.12000000
1.10500000 0.15000000
1.10500000 0.18000000
1.10500000 0.21000000
1.10500000 0.24000000
1.10500000 0.27000000
1.10500000 0.30000000
1.10500000 0.33000000
1.10500000 0.36000000
1.10500000 0.39000000
1.10500000 0.42000000
1.10500000 0.45000000
1.10500000 0.48000000
1.10500000 0.51000000
1.10500000 0.54000000
1.10500000 0.57000000
1.10500000 0.60000000
1.13250000 -0.60000000
1.13250000 -0.57000000
1.13250000 -0.54000000
1.13250000 -0.51000000
1.13250000 -0.48000000
1.13250000 -0.45000000
1.13250000 -0.42000000
1.13250000 -0.39000000
1.13250000 -0.36000000
1.13250000 -0.33000000
1.13250000 -0.30000000
1.13250000 -0.27000000
1.13250000 -0.24000000
1.13250000 -0.21000000
1.13250000 -0.18000000
1.13250000 -0.15000000
1.13250000 -0.12000000
1.13250000 -0.09000000
1.13250000 -0.06000000
1.13250000 -0.03000000
1.13250000 0.00000000
1.13250000 0.03000000
1.13250000 0.06000000
1.13250000 0.09000000
1.13250000 0.12000000
1.13250000 0.15000000
1.13250000 0.18000000
1.13250000 0.21000000
1.13250000 0.24000000
1.13250000 0.27000000
1.13250000 0.30000000
1.13250000 0.33000000
1.13250000 0.36000000
1.13250000 0.39000000
1.13250000 0.42000000
1.13250000 0.45000000
1.13250000 0.48000000
1.13250000 0.51000000
1.13250000 0.54000000
1.13250000 0.57000000
1.13250000 0.60000000
1.16000000 -0.60000000
1.16000000 -0.57000000
1.16000000 -0.54000000
1.16000000 -0.51000000
1.16000000 -0.48000000
1.16000000 -0.45000000
1.16000000 -0.42000000
1.16000000 -0.39000000
1.16000000 -0.36000000
1.16000000 -0.33000000
1.16000000 -0.30000000
1.16000000 -0.27000000
1.16000000 -0.24000000
1.16000000 -0.21000000
1.16000000 -0.18000000
1.16000000 -0.15000000
1.16000000 -0.12000000
1.16000000 -0.09000000
1.16000000 -0.06000000
1.16000000 -0.03000000
1.16000000 0.00000000
1.16000000 0.03000000
1.16000000 0.06000000
1.16000000 0.09000000
1.16000000 0.12000000
1.16000000 0.15000000
1.16000000 0.18000000
1.16000000 0.21000000
1.16000000 0.24000000
1.16000000 0.27000000
1.16000000 0.30000000
1.16000000 0.33000000
1.16000000 0.36000000
1.16000000 0.39000000
1.16000000 0.42000000
1.16000000 0.45000000
1.16000000 0.48000000
1.16000000 0.51000000
1.16000000 0.54000000
1.16000000 0.57000000
1.16000000 0.60000000
1.18750000 -0.60000000
1.18750000 -0.57000000
1.18750000 -0.54000000
1.18750000 -0.51000000
1.18750000 -0.48000000
1.18750000 -0.45000000
1.18750000 -0.42000000
1.18750000 -0.39000000
1.18750000 -0.36000000
1.18750000 -0.33000000
1.18750000 -0.30000000
1.18750000 -0.27000000
1.18750000 -0.24000000
1.18750000 -0.21000000
1.18750000 -0.18000000
1.18750000 -0.15000000
1.18750000 -0.12000000
1.18750000 -0.09000000
1.18750000 -0.06000000
1.18750000 -0.03000000
1.18750000 0.00000000
1.18750000 0.03000000
1.18750000 0.06000000
1.18750000 0.09000000
1.18750000 0.12000000
1.18750000 0.15000000
1.18750000 0.18000000
1.18750000 0.21000000
1.18750000 0.24000000
1.18750000 0.27000000
1.18750000 0.30000000
1.18750000 0.33000000
1.18750000 0.36000000
1.18750000 0.39000000
1.18750000 0.42000000
1.18750000 0.45000000
1.18750000 0.48000000
1.18750000 0.51000000
1.18750000 0.54000000
1.18750000 0.57000000
1.18750000 0.60000000
1.21500000 -0.60000000
1.21500000 -0.57000000
1.21500000 -0.54000000
1.21500000 -0.51000000
1.21500000 -0.48000000
1.21500000 -0.45000000
1.21500000 -0.42000000
1.21500000 -0.39000000
1.21500000 -0.36000000
1.21500000 -0.33000000
1.21500000 -0.30000000
1.21500000 -0.27000000
1.21500000 -0.24000000
1.21500000 -0.21000000
1.21500000 -0.18000000
1.21500000 -0.15000000
1.21500000 -0.12000000
1.21500000 -0.09000000
1.21500000 -0.06000000
1.21500000 -0.03000000
1.21500000 0.00000000
1.21500000 0.03000000
1.21500000 0.06000000
1.21500000 0.09000000
1.21500000 0.12000000
1.21500000 0.15000000
1.21500000 0.18000000
1.21500000 0.21000000
1.21500000 0.24000000
1.21500000 0.27000000
1.21500000 0.30000000
1.21500000 0.33000000
1.21500000 0.36000000
1.21500000 0.39000000
1.21500000 0.42000000
1.21500000 0.45000000
1.21500000 0.48000000
1.21500000 0.51000000
1.21500000 0.54000000
1.21500000 0.57000000
1.21500000 0.60000000
1.24250000 -0.60000000
1.24250000 -0.57000000
1.24250000 -0.54000000
1.24250000 -0.51000000
1.24250000 -0.48000000
1.24250000 -0.45000000
1.24250000 -0.42000000
1.24250000 -0.39000000
1.24250000 -0.36000000
1.24250000 -0.33000000
1.24250000 -0.30000000
1.24250000 -0.27000000
1.24250000 -0.24000000
1.24250000 -0.21000000
1.24250000 -0.18000000
1.24250000 -0.15000000
1.24250000 -0.12000000
1.24250000 -0.09000000
1.24250000 -0.06000000
1.24250000 -0.03000000
1.24250000 0.00000000
1.24250000 0.03000000
1.24250000 0.06000000
1.24250000 0.09000000
1.24250000 0.12000000
1.24250000 0.15000000
1.24250000 0.18000000
1.24250000 0.21000000
1.24250000 0.24000000
1.24250000 0.27000000
1.24250000 0.30000000
1.24250000 0.33000000
1.24250000 0.36000000
1.24250000 0.39000000
1.24250000 0.42000000
1.24250000 0.45000000
1.24250000 0.48000000
1.24250000 0.51000000
1.24250000 0.54000000
1.24250000 0.57000000
1.24250000 0.60000000
1.27000000 -0.60000000
1.27000000 -0.57000000
1.27000000 -0.54000000
1.27000000 -0.51000000
1.27000000 -0.48000000
1.27000000 -0.45000000
1.27000000 -0.42000000
1.27000000 -0.39000000
1.27000000 -0.36000000
1.27000000 -0.33000000
1.27000000 -0.30000000
1.27000000 -0.27000000
1.27000000 -0.24000000
1.27000000 -0.21000000
1.27000000 -0.18000000
1.27000000 -0.15000000
1.27000000 -0.12000000
1.27000000 -0.09000000
1.27000000 -0.06000000
1.27000000 -0.03000000
1.27000000 0.00000000
1.27000000 0.03000000
1.27000000 0.06000000
1.27000000 0.09000000
1.27000000 0.12000000
1.27000000 0.15000000
1.27000000 0.18000000
1.27000000 0.21000000
1.27000000 0.24000000
1.27000000 0.27000000
1.27000000 0.30000000
1.27000000 0.33000000
1.27000000 0.36000000
1.27000000 0.39000000
1.27000000 0.42000000
1.27000000 0.45000000
1.27000000 0.48000000
1.27000000 0.51000000
1.27000000 0.54000000
1.27000000 0.57000000
1.27000000 0.60000000
1.29750000 -0.60000000
1.29750000 -0.57000000
1.29750000 -0.54000000
1.29750000 -0.51000000
1.29750000 -0.48000000
1.29750000 -0.45000000
1.29750000 -0.42000000
1.29750000 -0.39000000
1.29750000 -0.36000000
1.29750000 -0.33000000
1.29750000 -0.30000000
1.29750000 -0.27000000
1.29750000 -0.24000000
1.29750000 -0.21000000
1.29750000 -0.18000000
1.29750000 -0.15000000
1.29750000 -0.12000000
1.29750000 -0.09000000
1.29750000 -0.06000000
1.29750000 -0.03000000
1.29750000 0.00000000
1.29750000 0.03000000
1.29750000 0.06000000
1.29750000 0.09000000
1.29750000 0.12000000
1.29750000 0.15000000
1.29750000 0.18000000
1.29750000 0.21000000
1.29750000 0.24000000
1.29750000 0.27000000
1.29750000 0.30000000
1.29750000 0.33000000
1.29750000 0.36000000
1.29750000 0.39000000
1.29750000 0.42000000
1.29750000 0.45000000
1.29750000 0.48000000
1.29750000 0.51000000
1.29750000 0.54000000
1.29750000 0.57000000
1.29750000 0.60000000
1.32500000 -0.60000000
1.32500000 -0.57000000
1.32500000 -0.54000000
1.32500000 -0.51000000
1.32500000 -0.48000000
1.32500000 -0.45000000
1.32500000 -0.42000000
1.32500000 -0.39000000
1.32500000 -0.36000000
1.32500000 -0.33000000
1.32500000 -0.30000000
1.32500000 -0.27000000
1.32500000 -0.24000000
1.32500000 -0.21000000
1.32500000 -0.18000000
1.32500000 -0.15000000
1.32500000 -0.12000000
1.32500000 -0.09000000
1.32500000 -0.06000000
1.32500000 -0.03000000
1.32500000 0.00000000
1.32500000 0.03000000
1.32500000 0.06000000
1.32500000 0.09000000
1.32500000 0.12000000
1.32500000 0.15000000
1.32500000 0.18000000
1.32500000 0.21000000
1.32500000 0.24000000
1.32500000 0.27000000
1.32500000 0.30000000
1.32500000 0.33000000
1.32500000 0.36000000
1.32500000 0.39000000
1.32500000 0.42000000
1.32500000 0.45000000
1.32500000 0.48000000
1.32500000 0.51000000
1.32500000 0.54000000
1.32500000 0.57000000
1.32500000 0.60000000
1.35250000 -0.60000000
1.35250000 -0.57000000
1.35250000 -0.54000000
1.35250000 -0.51000000
1.35250000 -0.48000000
1.35250000 -0.45000000
1.35250000 -0.42000000
1.35250000 -0.39000000
1.35250000 -0.36000000
1.35250000 -0.33000000
1.35250000 -0.30000000
1.35250000 -0.27000000
1.35250000 -0.24000000
1.35250000 -0.21000000
1.35250000 -0.18000000
1.35250000 -0.15000000
1.35250000 -0.12000000
1.35250000 -0.09000000
1.35250000 -0.06000000
1.35250000 -0.03000000
1.35250000 0.00000000
1.35250000 0.03000000
1.35250000 0.06000000
1.35250000 0.09000000
1.35250000 0.12000000
1.35250000 0.15000000
1.35250000 0.18000000
1.35250000 0.21000000
1.35250000 0.24000000
1.35250000 0.27000000
1.35250000 0.30000000
1.35250000 0.33000000
1.35250000 0.36000000
1.35250000 0.39000000
1.35250000 0.42000000
1.35250000 0.45000000
1.35250000 0.48000000
1.35250000 0.51000000
1.35250000 0.54000000
1.35250000 0.57000000
1.35250000 0.60000000
1.38000000 -0.60000000
1.38000000 -0.57000000
1.38000000 -0.54000000
1.38000000 -0.51000000
1.38000000 -0.48000000
1.38000000 -0.45000000
1.38000000 -0.42000000
1.38000000 -0.39000000
1.38000000 -0.36000000
1.38000000 -0.33000000
1.38000000 -0.30000000
1.38000000 -0.27000000
1.38000000 -0.24000000
1.38000000 -0.21000000
1.38000000 -0.18000000
1.38000000 -0.15000000
1.38000000 -0.12000000
1.38000000 -0.09000000
1.38000000 -0.06000000
1.38000000 -0.03000000
1.38000000 0.00000000
1.38000000 0.03000000
1.38000000 0.06000000
1.38000000 0.09000000
1.38000000 0.12000000
1.38000000 0.15000000
1.38000000 0.18000000
1.38000000 0.21000000
1.38000000 0.24000000
1.38000000 0.27000000
1.38000000 0.30000000
1.38000000 0.33000000
1.38000000 0.36000000
1.38000000 0.39000000
1.38000000 0.42000000
1.38000000 0.45000000
1.38000000 0.48000000
1.38000000 0.51000000
1.38000000 0.54000000
1.38000000 0.57000000
1.38000000 0.60000000
1.40750000 -0.60000000
1.40750000 -0.57000000
1.40750000 -0.54000000
1.40750000 -0.51000000
1.40750000 -0.48000000
1.40750000 -0.45000000
1.40750000 -0.42000000
1.40750000 -0.39000000
1.40750000 -0.36000000
1.40750000 -0.33000000
1.40750000 -0.30000000
1.40750000 -0.27000000
1.40750000 -0.24000000
1.40750000 -0.21000000
1.40750000 -0.18000000
1.40750000 -0.15000000
1.40750000 -0.12000000
1.40750000 -0.09000000
1.40750000 -0.06000000
1.40750000 -0.03000000
1.40750000 0.00000000
1.40750000 0.03000000
1.40750000 0.06000000
1.40750000 0.09000000
1.40750000 0.12000000
1.40750000 0.15000000
1.40750000 0.18000000
1.40750000 0.21000000
1.40750000 0.24000000
1.40750000 0.27000000
1.40750000 0.30000000
1.40750000 0.33000000
1.40750000 0.36000000
1.40750000 0.39000000
1.40750000 0.42000000
1.40750000 0.45000000
1.40750000 0.48000000
1.40750000 0.51000000
1.40750000 0.54000000
1.40750000 0.57000000
1.40750000 0.60000000
1.43500000 -0.60000000
1.43500000 -0.57000000
1.43500000 -0.54000000
1.43500000 -0.51000000
1.43500000 -0.48000000
1.43500000 -0.45000000
1.43500000 -0.42000000
1.43500000 -0.39000000
1.43500000 -0.36000000
1.43500000 -0.33000000
1.43500000 -0.30000000
1.43500000 -0.27000000
1.43500000 -0.24000000
1.43500000 -0.21000000
1.43500000 -0.18000000
1.43500000 -0.15000000
1.43500000 -0.12000000
1.43500000 -0.09000000
1.43500000 -0.06000000
1.43500000 -0.03000000
1.43500000 0.00000000
1.43500000 0.03000000
1.43500000 0.06000000
1.43500000 0.09000000
1.43500000 0.12000000
1.43500000 0.15000000
1.43500000 0.18000000
1.43500000 0.21000000
1.43500000 0.24000000
1.43500000 0.27000000
1.43500000 0.30000000
1.43500000 0.33000000
1.43500000 0.36000000
1.43500000 0.39000000
1.43500000 0.42000000
1.43500000 0.45000000
1.43500000 0.48000000
1.43500000 0.51000000
1.43500000 0.54000000
1.43500000 0.57000000
1.43500000 0.60000000
1.46250000 -0.60000000
1.46250000 -0.57000000
1.46250000 -0.54000000
1.46250000 -0.51000000
1.46250000 -0.48000000
1.46250000 -0.45000000
1.46250000 -0.42000000
1.46250000 -0.39000000
1.46250000 -0.36000000
1.46250000 -0.33000000
1.46250000 -0.30000000
1.46250000 -0.27000000
1.46250000 -0.24000000
1.46250000 -0.21000000
1.46250000 -0.18000000
1.46250000 -0.15000000
1.46250000 -0.12000000
1.46250000 -0.09000000
1.46250000 -0.06000000
1.46250000 -0.03000000
1.46250000 0.00000000
1.46250000 0.03000000
1.46250000 0.06000000
1.46250000 0.09000000
1.46250000 0.12000000
1.46250000 0.15000000
1.46250000 0.18000000
1.46250000 0.21000000
1.46250000 0.24000000
1.46250000 0.27000000
1.46250000 0.30000000
1.46250000 0.33000000
1.46250000 0.36000000
1.46250000 0.39000000
1.46250000 0.42000000
1.46250000 0.45000000
1.46250000 0.48000000
1.46250000 0.51000000
1.46250000 0.54000000
1.46250000 0.57000000
1.46250000 0.60000000
1.49000000 -0.60000000
1.49000000 -0.57000000
1.49000000 -0.54000000
1.49000000 -0.51000000
1.49000000 -0.48000000
1.49000000 -0.45000000
1.49000000 -0.42000000
1.49000000 -0.39000000
1.49000000 -0.36000000
1.49000000 -0.33000000
1.49000000 -0.30000000
1.49000000 -0.27000000
1.49000000 -0.24000000
1.49000000 -0.21000000
1.49000000 -0.18000000
1.49000000 -0.15000000
1.49000000 -0.12000000
1.49000000 -0.09000000
1.49000000 -0.06000000
1.49000000 -0.03000000
1.49000000 0.00000000
1.49000000 0.03000000
1.49000000 0.06000000
1.49000000 0.09000000
1.49000000 0.12000000
1.49000000 0.15000000
1.49000000 0.18000000
1.49000000 0.21000000
1.49000000 0.24000000
1.49000000 0.27000000
1.49000000 0.30000000
1.49000000 0.33000000
1.49000000 0.36000000
1.49000000 0.39000000
1.49000000 0.42000000
1.49000000 0.45000000
1.49000000 0.48000000
1.49000000 0.51000000
1.49000000 0.54000000
1.49000000 0.57000000
1.49000000 0.60000000
1.51750000 -0.60000000
1.51750000 -0.57000000
1.51750000 -0.54000000
1.51750000 -0.51000000
1.51750000 -0.48000000
1.51750000 -0.45000000
1.51750000 -0.42000000
1.51750000 -0.39000000
1.51750000 -0.36000000
1.51750000 -0.33000000
1.51750000 -0.30000000
1.51750000 -0.27000000
1.51750000 -0.24000000
1.51750000 -0.21000000
1.51750000 -0.18000000
1.51750000 -0.15000000
1.51750000 -0.12000000
1.51750000 -0.09000000
1.51750000 -0.06000000
1.51750000 -0.03000000
1.51750000 0.00000000
1.51750000 0.03000000
1.51750000 0.06000000
1.51750000 0.09000000
1.51750000 0.12000000
1.51750000 0.15000000
1.51750000 0.18000000
1.51750000 0.21000000
1.51750000 0.24000000
1.51750000 0.27000000
1.51750000 0.30000000
1.51750000 0.33000000
1.51750000 0.36000000
1.51750000 0.39000000
1.51750000 0.42000000
1.51750000 0.45000000
1.51750000 0.48000000
1.51750000 0.51000000
1.51750000 0.54000000
1.51750000 0.57000000
1.51750000 0.60000000
1.54500000 -0.60000000
1.54500000 -0.57000000
1.54500000 -0.54000000
1.54500000 -0.51000000
1.54500000 -0.48000000
1.54500000 -0.45000000
1.54500000 -0.42000000
1.54500000 -0.39000000
1.54500000 -0.36000000
1.54500000 -0.33000000
1.54500000 -0.30000000
1.54500000 -0.27000000
1.54500000 -0.24000000
1.54500000 -0.21000000
1.54500000 -0.18000000
1.54500000 -0.15000000
1.54500000 -0.12000000
1.54500000 -0.09000000
1.54500000 -0.06000000
1.54500000 -0.03000000
1.54500000 0.00000000
1.54500000 0.03000000
1.54500000 0.06000000
1.54500000 0.09000000
1.54500000 0.12000000
1.54500000 0.15000000
1.54500000 0.18000000
1.54500000 0.21000000
1.54500000 0.24000000
1.54500000 0.27000000
1.54500000 0.30000000
1.54500000 0.33000000
1.54500000 0.36000000
1.54500000 0.39000000
1.54500000 0.42000000
1.54500000 0.45000000
1.54500000 0.48000000
1.54500000 0.51000000
1.54500000 0.54000000
1.54500000 0.57000000
1.54500000 0.60000000
1.57250000 -0.60000000
1.57250000 -0.57000000
1.57250000 -0.54000000
1.57250000 -0.51000000
1.57250000 -0.48000000
1.57250000 -0.45000000
1.57250000 -0.42000000
1.57250000 -0.39000000
1.57250000 -0.36000000
1.57250000 -0.33000000
1.57250000 -0.30000000
1.57250000 -0.27000000
1.57250000 -0.24000000
1.57250000 -0.21000000
1.57250000 -0.18000000
1.57250000 -0.15000000
1.57250000 -0.12000000
1.57250000 -0.09000000
1.57250000 -0.06000000
1.57250000 -0.03000000
1.57250000 0.00000000
1.57250000 0.03000000
1.57250000 0.06000000
1.57250000 0.09000000
1.57250000 0.12000000
1.57250000 0.15000000
1.57250000 0.18000000
1.57250000 0.21000000
1.57250000 0.24000000
1.57250000 0.27000000
1.57250000 0.30000000
1.57250000 0.33000000
1.57250000 0.36000000
1.57250000 0.39000000
1.57250000 0.42000000
1.57250000 0.45000000
1.57250000 0.48000000
1.57250000 0.51000000
1.57250000 0.54000000
1.57250000 0.57000000
1.57250000 0.60000000
1.60000000 -0.60000000
1.60000000 -0.57000000
1.60000000 -0.54000000
1.60000000 -0.51000000
1.60000000 -0.48000000
1.60000000 -0.45000000
1.60000000 -0.42000000
1.60000000 -0.39000000
1.60000000 -0.36000000
1.60000000 -0.33000000
1.60000000 -0.30000000
1.60000000 -0.27000000
1.60000000 -0.24000000
1.60000000 -0.21000000
1.60000000 -0.18000000
1.60000000 -0.15000000
1.60000000 -0.12000000
1.60000000 -0.09000000
1.60000000 -0.06000000
1.60000000 -0.03000000
1.60000000 0.00000000
1.60000000 0.03000000
1.60000000 0.06000000
1.60000000 0.09000000
1.60000000 0.12000000
1.60000000 0.15000000
1.60000000 0.18000000
1.60000000 0.21000000
1.60000000 0.24000000
1.60000000 0.27000000
1.60000000 0.30000000
1.60000000 0.33000000
1.60000000 0.36000000
1.60000000 0.39000000
1.60000000 0.42000000
1.60000000 0.45000000
1.60000000 0.48000000
1.60000000 0.51000000
1.60000000 0.54000000
1.60000000 0.57000000
1.60000000 0.60000000
