7.48088585e-33 -1.67577415e-60 0.00000000e+00
7.03228830e-33 -1.48082168e-60 0.00000000e+00
6.63913952e-33 -1.31987567e-60 0.00000000e+00
6.26678920e-33 -1.17597910e-60 0.00000000e+00
5.91696686e-33 -1.04835339e-60 0.00000000e+00
5.53395683e-33 -9.17024554e-61 0.00000000e+00
5.24052652e-33 -8.22354886e-61 0.00000000e+00
5.02938000e-33 -7.57422725e-61 0.00000000e+00
4.74185079e-33 -6.73294706e-61 0.00000000e+00
4.52460901e-33 -6.13015624e-61 0.00000000e+00
4.27198222e-33 -5.46472490e-61 0.00000000e+00
4.07659793e-33 -4.97628438e-61 0.00000000e+00
3.88848520e-33 -4.52762378e-61 0.00000000e+00
3.76620629e-33 -4.24734598e-61 0.00000000e+00
3.63123424e-33 -3.94837107e-61 0.00000000e+00
3.51144309e-33 -3.69216159e-61 0.00000000e+00
3.40404144e-33 -3.46975738e-61 0.00000000e+00
3.33814517e-33 -3.33672080e-61 0.00000000e+00
3.29437632e-33 -3.24979410e-61 0.00000000e+00
3.27265051e-33 -3.20707184e-61 0.00000000e+00
3.23541403e-33 -3.13450639e-61 0.00000000e+00
3.27265051e-33 -3.20707184e-61 0.00000000e+00
3.29437632e-33 -3.24979410e-61 0.00000000e+00
3.33814517e-33 -3.33672080e-61 0.00000000e+00
3.40404144e-33 -3.46975738e-61 0.00000000e+00
3.51144309e-33 -3.69216159e-61 0.00000000e+00
3.63123424e-33 -3.94837107e-61 0.00000000e+00
3.76620629e-33 -4.24734598e-61 0.00000000e+00
3.88848520e-33 -4.52762378e-61 0.00000000e+00
4.07659793e-33 -4.97628438e-61 0.00000000e+00
4.28869301e-33 -5.50756144e-61 0.00000000e+00
4.52460901e-33 -6.13015624e-61 0.00000000e+00
4.74185079e-33 -6.73294706e-61 0.00000000e+00
5.02938000e-33 -7.57422725e-61 0.00000000e+00
5.24052652e-33 -8.22354886e-61 0.00000000e+00
5.53395683e-33 -9.17024554e-61 0.00000000e+00
5.91696686e-33 -1.04835339e-60 0.00000000e+00
6.29876821e-33 -1.18801161e-60 0.00000000e+00
6.68261341e-33 -1.33721767e-60 0.00000000e+00
7.03228830e-33 -1.48082168e-60 0.00000000e+00
7.48088585e-33 -1.67577415e-60 0.00000000e+00
6.81576985e-33 -1.39103887e-60 0.00000000e+00
8.61668979e-03 -1.94822016e+00 1.93707140e+06
1.71814758e-02 -7.29537968e+00 3.86223722e+06
2.56428692e-02 -1.54878065e+01 5.76373952e+06
3.39501836e-02 -2.60386608e+01 7.63008889e+06
4.20538780e-02 -3.84837162e+01 9.45014207e+06
4.99058531e-02 -5.23746592e+01 1.12131639e+07
5.74597004e-02 -6.72805209e+01 1.29088535e+07
6.46709176e-02 -8.27913637e+01 1.45273783e+07
7.14970945e-02 -9.85222251e+01 1.60593923e+07
7.78980779e-02 -1.14116513e+02 1.74960673e+07
8.38361193e-02 -1.29248519e+02 1.88291022e+07
8.92760136e-02 -1.43624961e+02 2.00507535e+07
9.41852301e-02 -1.56985607e+02 2.11538533e+07
9.85340389e-02 -1.69103087e+02 2.21318331e+07
1.02295637e-01 -1.79782077e+02 2.29787497e+07
1.05446273e-01 -1.88858040e+02 2.36893086e+07
1.07965370e-01 -1.96195743e+02 2.42588970e+07
1.09835653e-01 -2.01687746e+02 2.46836037e+07
1.11043266e-01 -2.05253070e+02 2.49602561e+07
1.11577898e-01 -2.06836194e+02 2.50864391e+07
1.11432901e-01 -2.06406556e+02 2.50605299e+07
1.10605402e-01 -2.03958622e+02 2.48817211e+07
1.09096410e-01 -1.99512606e+02 2.45500467e+07
1.06910922e-01 -1.93115828e+02 2.40664127e+07
1.04058011e-01 -1.84844662e+02 2.34326154e+07
1.00550902e-01 -1.74806946e+02 2.26513684e+07
9.64070392e-02 -1.63144700e+02 2.17263233e+07
9.16481199e-02 -1.50036906e+02 2.06620866e+07
8.63001110e-02 -1.35702075e+02 1.94642341e+07
8.03932265e-02 -1.20400312e+02 1.81393198e+07
7.39618663e-02 -1.04434544e+02 1.66948722e+07
6.70445088e-02 -8.81506211e+01 1.51393726e+07
5.96835561e-02 -7.19360594e+01 1.34822372e+07
5.19251252e-02 -5.62172705e+01 1.17337756e+07
4.38187860e-02 -4.14553112e+01 9.90513950e+06
3.54172429e-02 -2.81404779e+01 8.00826505e+06
2.67759573e-02 -1.67866437e+01 6.05579592e+06
1.79527112e-02 -7.92760046e+00 4.06100624e+06
9.00710611e-03 -2.12203182e+00 2.03768577e+06
6.81576985e-33 -1.39103887e-60 0.00000000e+00
6.09685838e-33 -1.11306787e-60 0.00000000e+00
1.67423512e-02 -6.94609262e+00 1.84132601e+06
3.33838868e-02 -2.52458772e+01 3.67114826e+06
4.98245901e-02 -5.22222579e+01 5.47814328e+06
6.59659934e-02 -8.57004783e+01 7.25131089e+06
8.17118435e-02 -1.23765281e+02 8.98005502e+06
9.69686766e-02 -1.64712216e+02 1.06542280e+07
1.11646309e-01 -2.07038972e+02 1.22641492e+07
1.25658253e-01 -2.49446315e+02 1.38006117e+07
1.38922088e-01 -2.90838603e+02 1.52548938e+07
1.51359774e-01 -3.30320101e+02 1.66187649e+07
1.62897946e-01 -3.67185803e+02 1.78844968e+07
1.73468184e-01 -4.00906735e+02 1.90448727e+07
1.83007263e-01 -4.31110359e+02 2.00932023e+07
1.91457405e-01 -4.57557150e+02 2.10233402e+07
1.98766523e-01 -4.80114607e+02 2.18297060e+07
2.04888457e-01 -4.98730139e+02 2.25073078e+07
2.09783224e-01 -5.13404293e+02 2.30517669e+07
2.13417250e-01 -5.24165790e+02 2.34593450e+07
2.15763615e-01 -5.31049736e+02 2.37269660e+07
2.16802286e-01 -5.34080273e+02 2.38522543e+07
2.16520346e-01 -5.33258691e+02 2.38335479e+07
2.14912216e-01 -5.28557852e+02 2.36699368e+07
2.11979866e-01 -5.19923408e+02 2.33612862e+07
2.07733014e-01 -5.07282043e+02 2.29082617e+07
2.02189295e-01 -4.90556556e+02 2.23123575e+07
1.95374422e-01 -4.69687260e+02 2.15759241e+07
1.87322299e-01 -4.44658776e+02 2.07021940e+07
1.78075103e-01 -4.15530917e+02 1.96953086e+07
1.67683304e-01 -3.82472040e+02 1.85603428e+07
1.56205628e-01 -3.45792954e+02 1.73033185e+07
1.43708933e-01 -3.05979288e+02 1.59312132e+07
1.30268005e-01 -2.63720219e+02 1.44519524e+07
1.15965249e-01 -2.19931579e+02 1.28743913e+07
1.00890290e-01 -1.75771787e+02 1.12082865e+07
8.51394537e-02 -1.32649864e+02 9.46425767e+06
6.88151526e-02 -9.22262776e+01 7.65373466e+06
5.20251469e-02 -5.64103643e+01 5.78890533e+06
3.48816941e-02 -2.73652315e+01 3.88263557e+06
1.75005744e-02 -7.55407064e+00 1.94837304e+06
6.09685838e-33 -1.11306787e-60 0.00000000e+00
5.48919177e-33 -9.02248643e-61 0.00000000e+00
2.43718789e-02 -1.40858129e+01 1.75851155e+06
4.85970781e-02 -4.99415489e+01 3.50590717e+06
7.25300661e-02 -1.00985588e+02 5.23126880e+06
9.60275417e-02 -1.62087927e+02 6.92402917e+06
1.18949401e-01 -2.28938014e+02 8.57405938e+06
1.41159577e-01 -2.97905343e+02 1.01717118e+07
1.62526761e-01 -3.65999347e+02 1.17078203e+07
1.82925014e-01 -4.30851322e+02 1.31737047e+07
2.02234310e-01 -4.90693320e+02 1.45611622e+07
2.20340998e-01 -5.44324803e+02 1.58624649e+07
2.37138239e-01 -5.91064319e+02 1.70703626e+07
2.52526388e-01 -6.30686542e+02 1.81780833e+07
2.66413377e-01 -6.63346793e+02 1.91793404e+07
2.78715067e-01 -6.89496157e+02 2.00683469e+07
2.89355609e-01 -7.09790936e+02 2.08398304e+07
2.98267791e-01 -7.25000511e+02 2.14890561e+07
3.05393395e-01 -7.35917814e+02 2.20118452e+07
3.10683542e-01 -7.43276551e+02 2.24046051e+07
3.14099040e-01 -7.47679100e+02 2.26643526e+07
3.15610729e-01 -7.49538655e+02 2.27887356e+07
3.15199811e-01 -7.49038628e+02 2.27760706e+07
3.12858176e-01 -7.46111715e+02 2.26253605e+07
3.08588708e-01 -7.40440208e+02 2.23363268e+07
3.02405570e-01 -7.31478280e+02 2.19094356e+07
2.94334459e-01 -7.18495967e+02 2.13459273e+07
2.84412834e-01 -7.00643556e+02 2.06478465e+07
2.72690082e-01 -6.77034016e+02 1.98180737e+07
2.59227636e-01 -6.46840062e+02 1.88603608e+07
2.44099009e-01 -6.09401459e+02 1.77793556e+07
2.27389732e-01 -5.64337371e+02 1.65806389e+07
2.09197177e-01 -5.11657918e+02 1.52707233e+07
1.89630256e-01 -4.51868913e+02 1.38570665e+07
1.68808973e-01 -3.86063964e+02 1.23480550e+07
1.46863830e-01 -3.15999068e+02 1.07529834e+07
1.23935082e-01 -2.44146803e+02 9.08202286e+06
1.00171823e-01 -1.73730959e+02 7.34618294e+06
7.57309122e-02 -1.08750109e+02 5.55725275e+06
5.07757314e-02 -5.40169445e+01 3.72774769e+06
2.54747617e-02 -1.52990207e+01 1.87079736e+06
5.48919177e-33 -9.02248643e-61 0.00000000e+00
4.90670689e-33 -7.20924295e-61 0.00000000e+00
3.14995479e-02 -2.26834715e+01 1.68479705e+06
6.28096485e-02 -7.86747070e+01 3.35886941e+06
9.37423138e-02 -1.55765949e+02 5.01168786e+06
1.24112400e-01 -2.44691164e+02 6.63308979e+06
1.53738850e-01 -3.37912974e+02 8.21336160e+06
1.82445789e-01 -4.29341480e+02 9.74328168e+06
2.10063457e-01 -5.14238318e+02 1.12141264e+07
2.36429018e-01 -5.89159791e+02 1.26176556e+07
2.61387266e-01 -6.51892028e+02 1.39461077e+07
2.84791235e-01 -7.01361265e+02 1.51921833e+07
3.06502761e-01 -7.37514542e+02 1.63490389e+07
3.26392988e-01 -7.61172049e+02 1.74102802e+07
3.44342860e-01 -7.73855628e+02 1.83699684e+07
3.60243579e-01 -7.77599870e+02 1.92226243e+07
3.73997071e-01 -7.74753403e+02 1.99632423e+07
3.85516438e-01 -7.67778594e+02 2.05873103e+07
3.94726413e-01 -7.59058128e+02 2.10908287e+07
4.01563808e-01 -7.50716781e+02 2.14703319e+07
4.05977966e-01 -7.44466303e+02 2.17229153e+07
4.07931201e-01 -7.41480578e+02 2.18462616e+07
4.07399229e-01 -7.42307210e+02 2.18386635e+07
4.04371588e-01 -7.46820391e+02 2.16990578e+07
3.98852029e-01 -7.54218406e+02 2.14270454e+07
3.90858892e-01 -7.63067338e+02 2.10229270e+07
3.80425433e-01 -7.71390636e+02 2.04877267e+07
3.67600114e-01 -7.76802164e+02 1.98232314e+07
3.52446823e-01 -7.76678239e+02 1.90320236e+07
3.35045026e-01 -7.68362055e+02 1.81175205e+07
3.15489807e-01 -7.49391934e+02 1.70840153e+07
2.93891788e-01 -7.17743135e+02 1.59367044e+07
2.70376899e-01 -6.72071617e+02 1.46817129e+07
2.45085984e-01 -6.11947588e+02 1.33260985e+07
2.18174217e-01 -5.38066941e+02 1.18778468e+07
1.89810334e-01 -4.52430325e+02 1.03458602e+07
1.60175653e-01 -3.58483248e+02 8.73992813e+06
1.29462893e-01 -2.61217651e+02 7.07068884e+06
9.78747758e-02 -1.67249932e+02 5.34959016e+06
6.56224038e-02 -8.49251441e+01 3.58881537e+06
3.29234273e-02 -2.46089498e+01 1.80118531e+06
4.90670689e-33 -7.20924295e-61 0.00000000e+00
4.36695605e-33 -5.71040712e-61 0.00000000e+00
3.81196120e-02 -3.21899086e+01 1.61745683e+06
7.60101421e-02 -1.09436675e+02 3.22458563e+06
1.13444243e-01 -2.12384671e+02 4.81124950e+06
1.50197954e-01 -3.26615396e+02 6.36766403e+06
1.86052203e-01 -4.40679723e+02 7.88449737e+06
2.20794129e-01 -5.45627390e+02 9.35290888e+06
2.54218229e-01 -6.34831419e+02 1.07645539e+07
2.86127354e-01 -7.03872535e+02 1.21115773e+07
3.16333566e-01 -7.50408327e+02 1.33865944e+07
3.44658899e-01 -7.74000513e+02 1.45826726e+07
3.70936036e-01 -7.75893287e+02 1.56933201e+07
3.95008943e-01 -7.58745321e+02 1.67124721e+07
4.16733447e-01 -7.26323242e+02 1.76344924e+07
4.35977813e-01 -6.83167533e+02 1.84541718e+07
4.52623293e-01 -6.34243622e+02 1.91667410e+07
4.66564681e-01 -5.84591972e+02 1.97678845e+07
4.77710858e-01 -5.38991287e+02 2.02537619e+07
4.85985339e-01 -5.01648791e+02 2.06210251e+07
4.91326815e-01 -4.75930765e+02 2.08668458e+07
4.93689683e-01 -4.64145364e+02 2.09889371e+07
4.93044574e-01 -4.67388023e+02 2.09855835e+07
4.89378856e-01 -4.85457662e+02 2.08556650e+07
4.82697108e-01 -5.16849378e+02 2.05986871e+07
4.73021575e-01 -5.58826403e+02 2.02148070e+07
4.60392564e-01 -6.07570967e+02 1.97048698e+07
4.44868796e-01 -6.58410284e+02 1.90704399e+07
4.26527675e-01 -7.06110420e+02 1.83138469e+07
4.05465464e-01 -7.45227274e+02 1.74382248e+07
3.81797336e-01 -7.70500635e+02 1.64475575e+07
3.55657278e-01 -7.77274300e+02 1.53467170e+07
3.27197804e-01 -7.61923030e+02 1.41414888e+07
2.96589472e-01 -7.22265923e+02 1.28385877e+07
2.64020181e-01 -6.57946118e+02 1.14456545e+07
2.29694218e-01 -5.70759242e+02 9.97124742e+06
1.93831076e-01 -4.64918767e+02 8.42481853e+06
1.56664002e-01 -3.47257787e+02 6.81668136e+06
1.18438294e-01 -2.27390059e+02 5.15796078e+06
7.94093329e-02 -1.17909261e+02 3.46052401e+06
3.98403570e-02 -3.48856021e+01 1.73687688e+06
4.36695605e-33 -5.71040712e-61 0.00000000e+00
3.90285118e-33 -4.56114012e-61 0.00000000e+00
4.42267628e-02 -4.21549580e+01 1.55454737e+06
8.81879668e-02 -1.40712268e+02 3.09916884e+06
1.31620028e-01 -2.67931294e+02 4.62411712e+06
1.74263227e-01 -4.03434705e+02 6.11998278e+06
2.15863442e-01 -5.31341455e+02 7.57779078e+06
2.56173683e-01 -6.39566573e+02 8.98904465e+06
2.94955446e-01 -7.19545014e+02 1.03457425e+07
3.31979876e-01 -7.66039424e+02 1.16403648e+07
3.67028783e-01 -7.76923269e+02 1.28658592e+07
3.99895540e-01 -7.52901223e+02 1.40156150e+07
4.30385881e-01 -6.97157269e+02 1.50834496e+07
4.58318636e-01 -6.14934815e+02 1.60635884e+07
4.83526419e-01 -5.13060799e+02 1.69506618e+07
5.05856288e-01 -3.99430231e+02 1.77397038e+07
5.25170394e-01 -2.82470305e+02 1.84261560e+07
5.41346614e-01 -1.70604642e+02 1.90058837e+07
5.54279191e-01 -7.17387236e+01 1.94751909e+07
5.63879364e-01 7.21275242e+00 1.98308412e+07
5.70075992e-01 6.07369389e+01 2.00700769e+07
5.72816178e-01 8.50544606e+01 2.01906487e+07
5.72065872e-01 7.83561799e+01 2.01908371e+07
5.67810454e-01 4.09328389e+01 2.00694811e+07
5.60055295e-01 -2.48109912e+01 1.98260064e+07
5.48826270e-01 -1.14462951e+02 1.94604531e+07
5.34170230e-01 -2.21828542e+02 1.89735117e+07
5.16155403e-01 -3.39271019e+02 1.83665596e+07
4.94871711e-01 -4.58154964e+02 1.76417068e+07
4.70430970e-01 -5.69377822e+02 1.68018420e+07
4.42966950e-01 -6.63968705e+02 1.58506842e+07
4.12635254e-01 -7.33729381e+02 1.47928218e+07
3.79612987e-01 -7.71888915e+02 1.36337484e+07
3.44098184e-01 -7.73741544e+02 1.23798712e+07
3.06308986e-01 -7.37237671e+02 1.10385283e+07
2.66482529e-01 -6.63501378e+02 9.61797035e+06
2.24873547e-01 -5.57256047e+02 8.12734513e+06
1.81752682e-01 -4.27156151e+02 6.57666036e+06
1.37404489e-01 -2.86057090e+02 4.97673517e+06
9.21251403e-02 -1.51336337e+02 3.33912265e+06
4.62198442e-02 -4.56404760e+01 1.67599891e+06
3.90285118e-33 -4.56114012e-61 0.00000000e+00
3.44948348e-33 -3.56301433e-61 0.00000000e+00
4.98164809e-02 -5.22070594e+01 1.49467812e+06
9.93340970e-02 -1.71359542e+02 2.97983614e+06
1.48256166e-01 -3.20429448e+02 4.44611551e+06
1.96290286e-01 -4.72510006e+02 5.88447380e+06
2.43150274e-01 -6.06941077e+02 7.28627819e+06
2.88557902e-01 -7.08348290e+02 8.64336043e+06
3.32244430e-01 -7.66249701e+02 9.94803083e+06
3.73951938e-01 -7.74772354e+02 1.11930754e+07
4.13434493e-01 -7.32333049e+02 1.23717391e+07
4.50459174e-01 -6.41232566e+02 1.34777000e+07
4.84806986e-01 -5.07151031e+02 1.45050499e+07
5.16273701e-01 -3.38550886e+02 1.54482769e+07
5.44670635e-01 -1.46004182e+02 1.63022536e+07
5.69825397e-01 5.85329848e+01 1.70622320e+07
5.91582620e-01 2.62472544e+02 1.77238501e+07
6.09804677e-01 4.53344710e+02 1.82831391e+07
6.24372397e-01 6.19517527e+02 1.87365390e+07
6.35185773e-01 7.50857216e+02 1.90809177e+07
6.42164670e-01 8.39302351e+02 1.93135922e+07
6.45249516e-01 8.79327313e+02 1.94323510e+07
6.44401991e-01 8.68273854e+02 1.94354776e+07
6.39605679e-01 8.06533858e+02 1.93217857e+07
6.30866697e-01 6.97571407e+02 1.90906347e+07
6.18214279e-01 5.47778173e+02 1.87419678e+07
6.01701304e-01 3.66162431e+02 1.82763432e+07
5.81404750e-01 1.63878866e+02 1.76949780e+07
5.57426050e-01 -4.63865870e+01 1.69997920e+07
5.29891315e-01 -2.51155518e+02 1.61934639e+07
4.98951401e-01 -4.36991267e+02 1.52794794e+07
4.64781762e-01 -5.91394331e+02 1.42621790e+07
4.27582077e-01 -7.03719850e+02 1.31467893e+07
3.87575596e-01 -7.66075378e+02 1.19394522e+07
3.45008194e-01 -7.74157394e+02 1.06472256e+07
3.00147113e-01 -7.27989559e+02 9.27807941e+06
2.53279369e-01 -6.32536742e+02 7.84087368e+06
2.04709831e-01 -4.98190955e+02 6.34532537e+06
1.54758953e-01 -3.41170905e+02 4.80194724e+06
1.03760185e-01 -1.83986563e+02 3.22197305e+06
5.20570579e-02 -5.64720233e+01 1.61723315e+06
3.44948348e-33 -3.56301433e-61 0.00000000e+00
3.11978788e-33 -2.91446983e-61 0.00000000e+00
5.48853054e-02 -6.20397065e+01 1.43685891e+06
1.09441612e-01 -2.00527618e+02 2.86459958e+06
1.63342281e-01 -3.68605982e+02 4.27425233e+06
2.16265318e-01 -5.32514865e+02 5.65713671e+06
2.67895484e-01 -6.66641722e+02 7.00495721e+06
3.17926221e-01 -7.52279666e+02 8.30985809e+06
3.66061344e-01 -7.77105443e+02 9.56444762e+06
4.12016537e-01 -7.34794427e+02 1.07617960e+07
4.55520658e-01 -6.24587380e+02 1.18954203e+07
4.96316885e-01 -4.50744790e+02 1.29592640e+07
5.34163743e-01 -2.21873683e+02 1.39476708e+07
5.68836040e-01 4.98642604e+01 1.48553666e+07
6.00125733e-01 3.49641318e+02 1.56774483e+07
6.27842760e-01 6.60919345e+02 1.64093728e+07
6.51815837e-01 9.66438163e+02 1.70469582e+07
6.71893259e-01 1.24920005e+03 1.75863938e+07
6.87943677e-01 1.49341289e+03 1.80242492e+07
6.99856883e-01 1.68535520e+03 1.83574957e+07
7.07544584e-01 1.81412811e+03 1.85835224e+07
7.10941170e-01 1.87226249e+03 1.87001605e+07
7.10004461e-01 1.85615399e+03 1.87057096e+07
7.04716433e-01 1.76630380e+03 1.85989599e+07
6.95083909e-01 1.60735003e+03 1.83792238e+07
6.81139202e-01 1.38788142e+03 1.80463617e+07
6.62940701e-01 1.12003394e+03 1.76008213e+07
6.40573367e-01 8.18879214e+02 1.70436796e+07
6.14149125e-01 5.01622885e+02 1.63766948e+07
5.83807112e-01 1.86640464e+02 1.56023572e+07
5.49713739e-01 -1.07613234e+02 1.47239482e+07
5.12062531e-01 -3.63776837e+02 1.37455848e+07
4.71073699e-01 -5.66786850e+02 1.26722586e+07
4.26993417e-01 -7.05059673e+02 1.15098608e+07
3.80092762e-01 -7.71597249e+02 1.02651915e+07
3.30666311e-01 -7.64968106e+02 8.94595457e+06
2.79030372e-01 -6.90129498e+02 7.56073286e+06
2.25520842e-01 -5.59084538e+02 6.11895221e+06
1.70490699e-01 -3.91426371e+02 4.63081763e+06
1.14307129e-01 -2.14961208e+02 3.10723014e+06
5.73483255e-02 -6.70504575e+01 1.55966232e+06
3.11978788e-33 -2.91446983e-61 0.00000000e+00
2.70994784e-33 -2.19903070e-61 0.00000000e+00
5.94310371e-02 -7.14015531e+01 1.38037917e+06
1.18506105e-01 -2.27595308e+02 2.75203761e+06
1.76871749e-01 -4.11716972e+02 4.10638978e+06
2.34179465e-01 -5.83076284e+02 5.43511350e+06
2.90087976e-01 -7.11103870e+02 6.73024660e+06
3.44265311e-01 -7.73819651e+02 7.98423960e+06
3.96390652e-01 -7.57176205e+02 9.18998877e+06
4.46155976e-01 -6.54566414e+02 1.03408337e+07
4.93267486e-01 -4.66269679e+02 1.14305523e+07
5.37446876e-01 -1.98758806e+02 1.24533323e+07
5.78432461e-01 1.36150327e+02 1.34037564e+07
6.15980203e-01 5.22294964e+02 1.42767729e+07
6.49864659e-01 9.40280063e+02 1.50676871e+07
6.79879883e-01 1.36867436e+03 1.57721486e+07
7.05840301e-01 1.78524544e+03 1.63861513e+07
7.27581561e-01 2.16818856e+03 1.69060327e+07
7.44961387e-01 2.49730280e+03 1.73284907e+07
7.57860423e-01 2.75506934e+03 1.76505968e+07
7.66183067e-01 2.92758857e+03 1.78698162e+07
7.69858301e-01 3.00533685e+03 1.79840279e+07
7.68840504e-01 2.98370931e+03 1.79915496e+07
7.63110232e-01 2.86332122e+03 1.78911642e+07
7.52674971e-01 2.65004905e+03 1.76821432e+07
7.37569832e-01 2.35480133e+03 1.73642802e+07
7.17858184e-01 1.99301923e+03 1.69379290e+07
6.93632198e-01 1.58391817e+03 1.64040489e+07
6.65013263e-01 1.14949239e+03 1.57642519e+07
6.32152254e-01 7.13316395e+02 1.50208650e+07
5.95229596e-01 2.99187608e+02 1.41769841e+07
5.54455078e-01 -7.03352113e+01 1.32365233e+07
5.10067387e-01 -3.75435543e+02 1.22042559e+07
4.62333305e-01 -6.00517774e+02 1.10858409e+07
4.11546553e-01 -7.35594192e+02 9.88783167e+06
3.58026253e-01 -7.77520338e+02 8.61767137e+06
3.02114988e-01 -7.31035781e+02 7.28366921e+06
2.44176470e-01 -6.09601785e+02 5.89495534e+06
1.84592801e-01 -4.36098339e+02 4.46141953e+06
1.23761362e-01 -2.43613707e+02 2.99361762e+06
6.20913456e-02 -7.71066346e+01 1.50264862e+06
2.70994784e-33 -2.19903070e-61 0.00000000e+00
2.38595675e-33 -1.70464741e-61 0.00000000e+00
6.34528956e-02 -8.00887358e+01 1.32473628e+06
1.26525999e-01 -2.52122772e+02 2.64114413e+06
1.88842163e-01 -4.49409939e+02 3.94101362e+06
2.50029453e-01 -6.24489371e+02 5.21637960e+06
3.09723565e-01 -7.41989511e+02 6.45960775e+06
3.67570036e-01 -7.76808790e+02 7.66345435e+06
4.23226239e-01 -7.13324012e+02 8.82109607e+06
4.76363141e-01 -5.44789533e+02 9.92613881e+06
5.26666863e-01 -2.72661614e+02 1.09726068e+07
5.73840049e-01 9.42434458e+01 1.19549286e+07
6.17603093e-01 5.40778014e+02 1.28679074e+07
6.57695244e-01 1.04666471e+03 1.37067086e+07
6.93875632e-01 1.58783787e+03 1.44668360e+07
7.25924237e-01 2.13788072e+03 1.51441262e+07
7.53642821e-01 2.66950766e+03 1.57347388e+07
7.76855838e-01 3.15603762e+03 1.62351603e+07
7.95411344e-01 3.57280344e+03 1.66422132e+07
8.09181891e-01 3.89844332e+03 1.69530716e+07
8.18065420e-01 4.11602298e+03 1.71652774e+07
8.21986147e-01 4.21394213e+03 1.72767624e+07
8.20895423e-01 4.18658482e+03 1.72858705e+07
8.14772574e-01 4.03468147e+03 1.71913818e+07
8.03625700e-01 3.76535987e+03 1.69925392e+07
7.87492423e-01 3.39187307e+03 1.66890814e+07
7.66440562e-01 2.93300445e+03 1.62812838e+07
7.40568711e-01 2.41216254e+03 1.57699996e+07
7.10006687e-01 1.85619220e+03 1.51567175e+07
6.74915805e-01 1.29394174e+03 1.44436160e+07
6.35488943e-01 7.54639027e+02 1.36336210e+07
5.91950334e-01 2.66141055e+02 1.27304590e+07
5.44555063e-01 -1.46868862e+02 1.17386964e+07
4.93588188e-01 -4.64656777e+02 1.06637692e+07
4.39363501e-01 -6.74107034e+02 9.51199016e+06
3.82221854e-01 -7.70212828e+02 8.29054579e+06
3.22529082e-01 -7.57336825e+02 7.00746483e+06
2.60673485e-01 -6.50230802e+02 5.67157853e+06
1.97062892e-01 -4.74887045e+02 4.29244819e+06
1.32121335e-01 -2.69495313e+02 2.88027146e+06
6.62853515e-02 -8.64234035e+01 1.44576314e+06
2.38595675e-33 -1.70464741e-61 0.00000000e+00
2.14585721e-33 -1.37883110e-61 0.00000000e+00
6.69516371e-02 -8.79386648e+01 1.26958215e+06
1.33502782e-01 -2.73812336e+02 2.53121920e+06
1.99255695e-01 -4.81611996e+02 3.77707246e+06
2.63818072e-01 -6.57485536e+02 4.99952792e+06
3.26805579e-01 -7.61559118e+02 6.19127835e+06
3.87844181e-01 -7.65842840e+02 7.34538219e+06
4.46572256e-01 -6.53309094e+02 8.45529604e+06
5.02642471e-01 -4.17186654e+02 9.51488690e+06
5.55723445e-01 -6.01668781e+01 1.05184253e+07
6.05501216e-01 4.06582195e+02 1.14605698e+07
6.51680553e-01 9.64617024e+02 1.23363451e+07
6.93986140e-01 1.58961851e+03 1.31411204e+07
7.32163665e-01 2.25295235e+03 1.38705960e+07
7.65980852e-01 2.92333871e+03 1.45207892e+07
7.95228439e-01 3.56857255e+03 1.50880254e+07
8.19721143e-01 4.15723242e+03 1.55689365e+07
8.39298613e-01 4.66031416e+03 1.59604712e+07
8.53826374e-01 5.05272732e+03 1.62599063e+07
8.63196768e-01 5.31459525e+03 1.64648658e+07
8.67329880e-01 5.43230527e+03 1.65733375e+07
8.66174451e-01 5.39926246e+03 1.65836962e+07
8.59708762e-01 5.21630992e+03 1.64947276e+07
8.47941478e-01 4.89178929e+03 1.63056535e+07
8.30912441e-01 4.44122754e+03 1.60161684e+07
8.08693380e-01 3.88665008e+03 1.56264811e+07
7.81388523e-01 3.25553467e+03 1.51373561e+07
7.49135064e-01 2.57943665e+03 1.45501682e+07
7.12103448e-01 1.89233095e+03 1.38669603e+07
6.70497435e-01 1.22873189e+03 1.30905023e+07
6.24553874e-01 6.21665113e+02 1.22243418e+07
5.74542150e-01 1.00577014e+02 1.12728476e+07
5.20763259e-01 -3.10726699e+02 1.02412372e+07
4.63548470e-01 -5.96021298e+02 9.13558457e+06
4.03257554e-01 -7.48399483e+02 7.96281387e+06
3.40276563e-01 -7.71744067e+02 6.73067167e+06
2.75015163e-01 -6.81923484e+02 5.44767714e+06
2.07903521e-01 -5.07792559e+02 4.12305279e+06
1.39388793e-01 -2.92310991e+02 2.76663092e+06
6.99312317e-02 -9.48285966e+01 1.38872689e+06
2.14585721e-33 -1.37883110e-61 0.00000000e+00
1.92811834e-33 -1.11320924e-61 0.00000000e+00
6.99296400e-02 -9.48248671e+01 1.21468136e+06
1.39441177e-01 -2.92476308e+02 2.42179217e+06
2.08119350e-01 -5.08438421e+02 3.61385892e+06
2.75554520e-01 -6.83043415e+02 4.78361351e+06
3.41345295e-01 -7.72343295e+02 5.92407247e+06
4.05100972e-01 -7.45762816e+02 7.02859730e+06
4.66443743e-01 -5.85057631e+02 8.09092381e+06
5.25010674e-01 -2.83510766e+02 9.10517911e+06
5.80455461e-01 1.54970994e+02 1.00658789e+07
6.32449983e-01 7.16976782e+02 1.09679098e+07
6.80685688e-01 1.38095283e+03 1.18065127e+07
7.24874845e-01 2.11878632e+03 1.25772626e+07
7.64751694e-01 2.89756848e+03 1.32760532e+07
8.00073519e-01 3.68147934e+03 1.38990791e+07
8.30621681e-01 4.43372832e+03 1.44428297e+07
8.56202620e-01 5.11848055e+03 1.49040848e+07
8.76648845e-01 5.70269770e+03 1.52799194e+07
8.91819920e-01 6.15782368e+03 1.55677186e+07
9.01603439e-01 6.46124878e+03 1.57651872e+07
9.05915996e-01 6.59749238e+03 1.58703754e+07
9.04704137e-01 6.55905215e+03 1.58816940e+07
8.97945280e-01 6.34687793e+03 1.57979382e+07
8.85648604e-01 5.97044097e+03 1.56183197e+07
8.67855873e-01 5.44738269e+03 1.53424986e+07
8.44642184e-01 4.80274289e+03 1.49706247e+07
8.16116598e-01 4.06778358e+03 1.45033839e+07
7.82422632e-01 3.27844250e+03 1.39420500e+07
7.43738545e-01 2.47346732e+03 1.32885407e+07
7.00277399e-01 1.69229891e+03 1.25454779e+07
6.52286815e-01 9.72786967e+02 1.17162375e+07
6.00048385e-01 3.48833842e+02 1.08049938e+07
5.43876688e-01 -1.51930668e+02 9.81674530e+06
4.84117886e-01 -5.10340217e+02 8.75732648e+06
4.21147850e-01 -7.17655530e+02 7.63339539e+06
3.55369826e-01 -7.77233204e+02 6.45240578e+06
2.87211638e-01 -7.05884033e+02 5.22255799e+06
2.17122422e-01 -5.35012213e+02 3.95272428e+06
1.45568958e-01 -3.11883220e+02 2.65235766e+06
7.30316160e-02 -1.02189206e+02 1.33137173e+06
1.92811834e-33 -1.11320924e-61 0.00000000e+00
1.72430167e-33 -8.90299093e-62 0.00000000e+00
7.23909643e-02 -1.00652642e+02 1.15988436e+06
1.44349264e-01 -3.08010602e+02 2.31256540e+06
2.15445150e-01 -5.30118460e+02 3.45092510e+06
2.85254642e-01 -7.02236305e+02 4.56803710e+06
3.53362241e-01 -7.76878796e+02 5.65724209e+06
4.19363448e-01 -7.21246014e+02 6.71219910e+06
4.82867055e-01 -5.16075473e+02 7.72692648e+06
5.43497215e-01 -1.54752040e+02 8.69581257e+06
6.00895270e-01 3.57693118e+02 9.61361651e+06
6.54721378e-01 1.00582086e+03 1.04754557e+07
7.04655966e-01 1.76528705e+03 1.12767874e+07
7.50401037e-01 2.60458926e+03 1.20133915e+07
7.91681370e-01 3.48700925e+03 1.26813533e+07
8.28245631e-01 4.37268796e+03 1.32770494e+07
8.59867449e-01 5.22076054e+03 1.37971315e+07
8.86346440e-01 5.99147477e+03 1.42385272e+07
9.07509240e-01 6.64821465e+03 1.45984432e+07
9.23210512e-01 7.15935276e+03 1.48743713e+07
9.33333956e-01 7.49985903e+03 1.50641056e+07
9.37793311e-01 7.65260015e+03 1.51657598e+07
9.36533336e-01 7.60927261e+03 1.51777834e+07
9.29530770e-01 7.37092380e+03 1.50989928e+07
9.16795247e-01 6.94802870e+03 1.49285913e+07
8.98370153e-01 6.36010507e+03 1.46662136e+07
8.74333405e-01 5.63486657e+03 1.43119616e+07
8.44798097e-01 4.80693187e+03 1.38664496e+07
8.09913005e-01 3.91612661e+03 1.33308575e+07
7.69862882e-01 3.00543436e+03 1.27069872e+07
7.24868511e-01 2.11867129e+03 1.19973167e+07
6.75186441e-01 1.29797593e+03 1.12050543e+07
6.21108371e-01 5.81218821e+02 1.03341811e+07
5.62960121e-01 -5.55090150e-01 9.38947657e+06
5.01100160e-01 -4.25538265e+02 8.37652805e+06
4.35917656e-01 -6.83324473e+02 7.30172176e+06
3.67830049e-01 -7.76750584e+02 6.17221111e+06
2.97280133e-01 -7.23398668e+02 4.99586575e+06
2.24732682e-01 -5.56857515e+02 3.78120124e+06
1.50670639e-01 -3.28122360e+02 2.53728361e+06
7.55909343e-02 -1.08406482e+02 1.27361439e+06
1.72430167e-33 -8.90299093e-62 0.00000000e+00
1.59253671e-33 -7.59431027e-62 0.00000000e+00
7.43413888e-02 -1.05355376e+02 1.10510930e+06
1.48238552e-01 -3.20373374e+02 2.20337209e+06
2.21250239e-01 -5.46936381e+02 3.28802164e+06
2.92941083e-01 -7.16112262e+02 4.35246753e+06
3.62884382e-01 -7.77502473e+02 5.39036895e+06
4.30664678e-01 -6.96488306e+02 6.39568662e+06
4.95880127e-01 -4.52994294e+02 7.36271876e+06
5.58144625e-01 -4.05256219e+01 8.28611681e+06
6.17089708e-01 5.34914666e+02 9.16088588e+06
6.72366238e-01 1.25616347e+03 9.98237593e+06
7.23645907e-01 2.09651947e+03 1.07462620e+07
7.70622588e-01 3.02162610e+03 1.14485315e+07
8.13013578e-01 3.99156415e+03 1.20854644e+07
8.50560739e-01 4.96308568e+03 1.26536175e+07
8.83031597e-01 5.89191141e+03 1.31498082e+07
9.10220401e-01 6.73500932e+03 1.35711157e+07
9.31949166e-01 7.45277044e+03 1.39148775e+07
9.48068711e-01 8.01100003e+03 1.41786990e+07
9.58459688e-01 8.38264660e+03 1.43604637e+07
9.63033610e-01 8.54919821e+03 1.44583523e+07
9.61733859e-01 8.50168523e+03 1.44708625e+07
9.54536667e-01 8.24124042e+03 1.43968304e+07
9.41452065e-01 7.77918171e+03 1.42354642e+07
9.22524761e-01 7.13659910e+03 1.39863773e+07
8.97834936e-01 6.34344512e+03 1.36496278e+07
8.67498914e-01 5.43714819e+03 1.32257678e+07
8.31669670e-01 4.46078822e+03 1.27158903e+07
7.90537132e-01 3.46089482e+03 1.21216840e+07
7.44328219e-01 2.48494825e+03 1.14454881e+07
6.93306574e-01 1.57868107e+03 1.06903456e+07
6.37771913e-01 7.83292958e+02 9.86004139e+06
5.78058961e-01 1.32699689e+02 8.95913174e+06
5.14535932e-01 -3.49062491e+02 7.99295328e+06
4.47602514e-01 -6.50167422e+02 6.96761134e+06
3.77687362e-01 -7.72984842e+02 5.88995047e+06
3.05245102e-01 -7.35702243e+02 4.76750251e+06
2.30752848e-01 -5.73688355e+02 3.60841620e+06
1.54706298e-01 -3.41002711e+02 2.42136424e+06
7.76154489e-02 -1.13411774e+02 1.21543460e+06
1.59253671e-33 -7.59431027e-62 0.00000000e+00
1.47295331e-33 -6.49661894e-62 0.00000000e+00
7.57884260e-02 -1.08891404e+02 1.05032164e+06
1.51124013e-01 -3.29568136e+02 2.09414666e+06
2.25556937e-01 -5.59186363e+02 3.12504972e+06
2.98643351e-01 -7.25604032e+02 4.13677242e+06
3.69948201e-01 -7.76198468e+02 5.12328979e+06
4.39047872e-01 -6.74970669e+02 6.07886238e+06
5.05532598e-01 -4.01240347e+02 6.99806873e+06
5.69008644e-01 5.13728724e+01 7.87582533e+06
6.29100258e-01 6.76095703e+02 8.70738726e+06
6.85451403e-01 1.45441622e+03 9.48833760e+06
7.37727296e-01 2.35779786e+03 1.02145749e+07
7.85615802e-01 3.34966803e+03 1.08822964e+07
8.28828692e-01 4.38762677e+03 1.14879777e+07
8.67102820e-01 5.42580346e+03 1.20283582e+07
9.00201231e-01 6.41727950e+03 1.25004268e+07
9.27914239e-01 7.31649023e+03 1.29014132e+07
9.50060483e-01 8.08151778e+03 1.32287900e+07
9.66487983e-01 8.67618889e+03 1.34802769e+07
9.77075181e-01 9.07189609e+03 1.36538513e+07
9.81731985e-01 9.24906832e+03 1.37477671e+07
9.80400799e-01 9.19822686e+03 1.37605716e+07
9.73057524e-01 8.92057516e+03 1.36911302e+07
9.59712522e-01 8.42808591e+03 1.35386571e+07
9.40411518e-01 7.74306597e+03 1.33027514e+07
9.15236407e-01 6.89719841e+03 1.29834355e+07
8.84305939e-01 5.93008192e+03 1.25812016e+07
8.47776229e-01 4.88730913e+03 1.20970603e+07
8.05841063e-01 3.81814724e+03 1.15325907e+07
7.58731931e-01 2.77290535e+03 1.08899959e+07
7.06717741e-01 1.80009160e+03 1.01721509e+07
6.50104154e-01 9.43478337e+02 9.38264415e+06
5.89232491e-01 2.39202569e+02 8.52580331e+06
5.24478174e-01 -2.86970694e+02 7.60670744e+06
4.56248667e-01 -6.22106946e+02 6.63117346e+06
3.84980913e-01 -7.68198559e+02 5.60572851e+06
3.11138267e-01 -7.43878641e+02 4.53755978e+06
2.35206953e-01 -5.85862911e+02 3.43444294e+06
1.57692076e-01 -3.50543691e+02 2.30465263e+06
7.91132649e-02 -1.17163013e+02 1.15685758e+06
1.47295331e-33 -6.49661894e-62 0.00000000e+00
1.36844262e-33 -5.60741394e-62 0.00000000e+00
7.67413217e-02 -1.11241353e+02 9.95527829e+05
1.53024074e-01 -3.35630913e+02 1.98489939e+06
2.28392732e-01 -5.67140015e+02 2.96202544e+06
3.02397807e-01 -7.31466483e+02 3.92097464e+06
3.74598698e-01 -7.74494626e+02 4.85603399e+06
4.44566371e-01 -6.59303802e+02 5.76176080e+06
5.11885806e-01 -3.64817106e+02 6.63301712e+06
5.76158222e-01 1.15255776e+02 7.46498464e+06
6.37003054e-01 7.73608238e+02 8.25317030e+06
6.94059724e-01 1.59080462e+03 8.99339691e+06
7.46989207e-01 2.53705718e+03 9.68178863e+06
7.95475441e-01 3.57428669e+03 1.03147538e+07
8.39226611e-01 4.65841009e+03 1.08889695e+07
8.77976328e-01 5.74178042e+03 1.14013613e+07
9.11484754e-01 6.77569431e+03 1.18490884e+07
9.39539682e-01 7.71287697e+03 1.22295359e+07
9.61957605e-01 8.50985390e+03 1.25403127e+07
9.78584767e-01 9.12912013e+03 1.27792559e+07
9.89298225e-01 9.54102320e+03 1.29444420e+07
9.94006898e-01 9.72528326e+03 1.30342002e+07
9.92652602e-01 9.67208435e+03 1.30471340e+07
9.85211073e-01 9.38268380e+03 1.29821415e+07
9.71692938e-01 8.86950185e+03 1.28384489e+07
9.52144634e-01 8.15567130e+03 1.26156447e+07
9.26649220e-01 7.27404677e+03 1.23137198e+07
8.95327072e-01 6.26569400e+03 1.19331117e+07
8.58336398e-01 5.17790254e+03 1.14747505e+07
8.15873539e-01 4.06178716e+03 1.09401082e+07
7.68172997e-01 2.96956535e+03 1.03312497e+07
7.15507145e-01 1.95161731e+03 9.65088222e+06
6.58185543e-01 1.05345075e+03 8.90239303e+06
5.96553831e-01 3.12701685e+02 8.08987857e+06
5.30992143e-01 -2.43696742e+02 7.21815056e+06
4.61913024e-01 -6.02058541e+02 6.29273333e+06
3.89758823e-01 -7.64115406e+02 5.31982849e+06
3.14998594e-01 -7.48792290e+02 4.30627215e+06
2.38124497e-01 -5.93701931e+02 3.25946022e+06
1.59647772e-01 -3.56795612e+02 2.18726905e+06
8.00943221e-02 -1.19641738e+02 1.09794601e+06
1.36844262e-33 -5.60741394e-62 0.00000000e+00
1.32173535e-33 -5.23116527e-62 0.00000000e+00
7.72110358e-02 -1.12405894e+02 9.40760830e+05
1.53960586e-01 -3.38621039e+02 1.87569941e+06
2.29790227e-01 -5.71025437e+02 2.79905443e+06
3.04247601e-01 -7.34239185e+02 3.70521420e+06
3.76889298e-01 -7.73404126e+02 4.58877622e+06
4.47283544e-01 -6.51144648e+02 5.44459377e+06
5.15012677e-01 -3.46192991e+02 6.26781036e+06
5.79675392e-01 1.47687548e+02 7.05387647e+06
6.40888741e-01 8.22914737e+02 7.79855343e+06
6.98289918e-01 1.65958258e+03 8.49790501e+06
7.51537839e-01 2.62727070e+03 9.14828562e+06
8.00314567e-01 3.68714184e+03 9.74632104e+06
8.44326591e-01 4.79426953e+03 1.02888901e+07
8.83306020e-01 5.90012014e+03 1.07731062e+07
9.17011695e-01 6.95510263e+03 1.11963026e+07
9.45230281e-01 7.91109496e+03 1.15560214e+07
9.67777319e-01 8.72385443e+03 1.18500114e+07
9.84498292e-01 9.35522195e+03 1.20762299e+07
9.95269678e-01 9.77503485e+03 1.22328543e+07
1.00000000e+00 9.96267086e+03 1.23182955e+07
9.98630875e-01 9.90815609e+03 1.23312160e+07
9.91138032e-01 9.61278342e+03 1.22705516e+07
9.77532295e-01 9.08920277e+03 1.21355447e+07
9.57860506e-01 8.36096279e+03 1.19257776e+07
9.32206345e-01 7.46150331e+03 1.16412141e+07
9.00691026e-01 6.43261974e+03 1.12822382e+07
8.63473811e-01 5.32244302e+03 1.08497008e+07
8.20752310e-01 4.18300197e+03 1.03449664e+07
7.72762510e-01 3.06745648e+03 9.76996239e+06
7.19778473e-01 2.02710994e+03 9.12722529e+06
6.62111650e-01 1.10832475e+03 8.41993866e+06
6.00109766e-01 3.49474604e+02 7.65195920e+06
5.34155226e-01 -2.21932952e+02 6.82783118e+06
4.64663012e-01 -5.91842635e+02 5.95277554e+06
3.92078071e-01 -7.61858180e+02 5.03266528e+06
3.16872187e-01 -7.51048115e+02 4.07397726e+06
2.39540368e-01 -5.97466102e+02 3.08372740e+06
1.60596792e-01 -3.59829631e+02 2.06938716e+06
8.05703679e-02 -1.20850606e+02 1.03878565e+06
1.32173535e-33 -5.23116527e-62 0.00000000e+00
1.30108627e-33 -5.06899214e-62 0.00000000e+00
7.72102107e-02 -1.12403845e+02 8.86078332e+05
1.53958758e-01 -3.38615200e+02 1.76666013e+06
2.29787042e-01 -5.71016609e+02 2.63630664e+06
3.04242542e-01 -7.34231707e+02 3.48972014e+06
3.76881696e-01 -7.73408022e+02 4.32180435e+06
4.47272602e-01 -6.51178098e+02 5.12770703e+06
5.14997501e-01 -3.46284502e+02 5.90285332e+06
5.79655026e-01 1.47497828e+02 6.64296386e+06
6.40862210e-01 8.22575015e+02 7.34405638e+06
6.98256275e-01 1.65903100e+03 8.00243964e+06
7.51496214e-01 2.62643862e+03 8.61469991e+06
8.00264208e-01 3.68595850e+03 9.17768179e+06
8.44266904e-01 4.79266785e+03 9.68847040e+06
8.83236597e-01 5.89804296e+03 1.01443706e+07
9.16932342e-01 6.95250878e+03 1.05428904e+07
9.45141022e-01 7.90796448e+03 1.08817315e+07
9.67678403e-01 8.72019248e+03 1.11587833e+07
9.84390189e-01 9.35106089e+03 1.13721287e+07
9.95153060e-01 9.77043434e+03 1.15200488e+07
9.99875732e-01 9.95771591e+03 1.16010384e+07
9.98499989e-01 9.90295335e+03 1.16138236e+07
9.91001706e-01 9.60745579e+03 1.15573823e+07
9.77391835e-01 9.08388289e+03 1.14309770e+07
9.57717321e-01 8.35578569e+03 1.12341885e+07
9.32061929e-01 7.45659877e+03 1.09669534e+07
9.00546932e-01 6.42810473e+03 1.06296055e+07
8.63331630e-01 5.31841472e+03 1.02229165e+07
8.20613644e-01 4.17953193e+03 9.74814329e+06
7.72628945e-01 3.06458634e+03 9.20707360e+06
7.19651550e-01 2.02484907e+03 8.60207083e+06
6.61992842e-01 1.10665025e+03 7.93611013e+06
6.00000452e-01 3.48333613e+02 7.21280855e+06
5.34056668e-01 -2.22618544e+02 6.43643324e+06
4.64576345e-01 -5.92169444e+02 5.61190075e+06
3.92004287e-01 -7.61932785e+02 4.74474712e+06
3.16812127e-01 -7.50977124e+02 3.84108790e+06
2.39494715e-01 -5.97345147e+02 2.90755556e+06
1.60566065e-01 -3.59731398e+02 1.95121703e+06
8.05549164e-02 -1.20811307e+02 9.79482482e+05
1.30108627e-33 -5.06899214e-62 0.00000000e+00
1.29622632e-33 -5.03119441e-62 0.00000000e+00
7.67531254e-02 -1.11270568e+02 8.31553504e+05
1.53047063e-01 -3.35704300e+02 1.65792923e+06
2.28425682e-01 -5.67231888e+02 2.47400284e+06
3.02438914e-01 -7.31528935e+02 3.27478749e+06
3.74645629e-01 -7.74473957e+02 4.05548860e+06
4.44616330e-01 -6.59156449e+02 4.81154636e+06
5.11935628e-01 -3.64523984e+02 5.53866843e+06
5.76204484e-01 1.15678038e+02 6.23284460e+06
6.37042209e-01 7.74100594e+02 6.89035154e+06
6.94088242e-01 1.59126440e+03 7.50774444e+06
7.47003720e-01 2.53734274e+03 8.08184339e+06
7.95472881e-01 3.57422745e+03 8.60971624e+06
8.39204326e-01 4.65782086e+03 9.08865506e+06
8.77932181e-01 5.74047841e+03 9.51615659e+06
9.11417190e-01 6.77351685e+03 9.88990711e+06
9.39447770e-01 7.70969811e+03 1.02077689e+07
9.61841050e-01 8.50559809e+03 1.04677769e+07
9.78443900e-01 9.12377178e+03 1.06681389e+07
9.89133970e-01 9.53463119e+03 1.08072436e+07
9.93820724e-01 9.71796034e+03 1.08836734e+07
9.92446472e-01 9.66400161e+03 1.08962202e+07
9.84987384e-01 9.37406074e+03 1.08439085e+07
9.71454464e-01 8.86059306e+03 1.07260246e+07
9.51894465e-01 8.14675062e+03 1.05421500e+07
9.26390709e-01 7.26538990e+03 1.02921977e+07
8.95063772e-01 6.25756077e+03 9.97644972e+06
8.58071997e-01 5.17052000e+03 9.59560022e+06
8.15611792e-01 4.05533472e+03 9.15079596e+06
7.67917653e-01 2.96416320e+03 8.64368457e+06
7.15261869e-01 1.94731925e+03 8.07645359e+06
6.57953847e-01 1.05024209e+03 7.45186916e+06
5.96339008e-01 3.10502741e+02 6.77330077e+06
5.30797217e-01 -2.45021821e+02 6.04473907e+06
4.61740708e-01 -6.02688122e+02 5.27078858e+06
3.89611492e-01 -7.64252688e+02 4.45664808e+06
3.14878258e-01 -7.48644503e+02 3.60806877e+06
2.38032791e-01 -5.93457211e+02 2.73129556e+06
1.59585936e-01 -3.56597923e+02 1.83299337e+06
8.00631932e-02 -1.19562828e+02 9.20154928e+05
1.29622632e-33 -5.03119441e-62 0.00000000e+00
1.34371816e-33 -5.40661950e-62 0.00000000e+00
7.58556373e-02 -1.09056601e+02 7.77271453e+05
1.51257127e-01 -3.29992696e+02 1.54967691e+06
2.25753359e-01 -5.59740215e+02 2.31240043e+06
2.98899249e-01 -7.26013491e+02 3.06076068e+06
3.70258595e-01 -7.76105854e+02 3.79026063e+06
4.39406750e-01 -6.73988388e+02 4.49663124e+06
5.05933079e-01 -3.99000097e+02 5.17586109e+06
5.69443178e-01 5.51778398e+01 5.82421080e+06
6.29560856e-01 6.81677772e+02 6.43821684e+06
6.85929881e-01 1.46187210e+03 7.01468159e+06
7.38215534e-01 2.36709980e+03 7.55066219e+06
7.86105976e-01 3.36066727e+03 8.04344737e+06
8.29313494e-01 4.40006782e+03 8.49053883e+06
8.67575626e-01 5.43934677e+03 8.88962831e+06
9.00656237e-01 6.43152949e+03 9.23857907e+06
9.28346540e-01 7.33102555e+03 9.53541733e+06
9.50466117e-01 8.09592082e+03 9.77832328e+06
9.66863923e-01 8.69007206e+03 9.96563361e+06
9.77419306e-01 9.08492321e+03 1.00958458e+07
9.82043019e-01 9.26097008e+03 1.01676331e+07
9.80678240e-01 9.20881015e+03 1.01798568e+07
9.73301567e-01 8.92972636e+03 1.01315900e+07
9.59923985e-01 8.43576892e+03 1.00221456e+07
9.40591764e-01 7.74931540e+03 9.85110836e+06
9.15387272e-01 6.90210892e+03 9.61836763e+06
8.84429654e-01 5.93379456e+03 9.32415726e+06
8.47875337e-01 4.88999583e+03 8.96909063e+06
8.05918326e-01 3.81999484e+03 8.55420652e+06
7.58790235e-01 2.77410049e+03 8.08100926e+06
7.06759997e-01 1.80080785e+03 7.55150966e+06
6.50133204e-01 9.43866521e+02 6.96826109e+06
5.89251029e-01 2.39384935e+02 6.33438591e+06
5.24488683e-01 -2.86902547e+02 5.65359263e+06
4.56253376e-01 -6.22090830e+02 4.93017358e+06
3.84981771e-01 -7.68197894e+02 4.16898623e+06
3.11136924e-01 -7.43876870e+02 3.37541573e+06
2.35204749e-01 -5.85856948e+02 2.55532233e+06
1.57690031e-01 -3.50537154e+02 1.71496736e+06
7.91120680e-02 -1.17159999e+02 8.60927474e+05
1.34371816e-33 -5.40661950e-62 0.00000000e+00
1.43203908e-33 -6.14071820e-62 0.00000000e+00
7.45351148e-02 -1.05826473e+02 7.23326519e+05
1.48623590e-01 -3.21599338e+02 1.44209104e+06
2.21821794e-01 -5.48573602e+02 2.15178199e+06
2.93692062e-01 -7.17402106e+02 2.84801625e+06
3.63805517e-01 -7.77418973e+02 3.52659288e+06
4.31744718e-01 -6.93868645e+02 4.18353004e+06
4.97106078e-01 -4.46658045e+02 4.81509645e+06
5.59502047e-01 -2.93808050e+01 5.41782341e+06
6.18563059e-01 5.51782568e+02 5.98850660e+06
6.73939244e-01 1.27942317e+03 6.52419862e+06
7.25301938e-01 2.12654860e+03 7.02219131e+06
7.72345024e-01 3.05848950e+03 7.47999681e+06
8.14786126e-01 4.03501457e+03 7.89532555e+06
8.52367716e-01 5.01258403e+03 8.26606355e+06
8.84858140e-01 5.94666284e+03 8.59025403e+06
9.12052621e-01 6.79401060e+03 8.86608576e+06
9.33774235e-01 7.51486435e+03 9.09188639e+06
9.49874897e-01 8.07493277e+03 9.26612133e+06
9.60236347e-01 8.44712497e+03 9.38740110e+06
9.64771144e-01 8.61294401e+03 9.45448939e+06
9.63423654e-01 8.56348509e+03 9.46632061e+06
9.56171034e-01 8.29998986e+03 9.42201857e+06
9.43024173e-01 7.83392237e+03 9.32092456e+06
9.24028578e-01 7.18654832e+03 9.16262767e+06
8.99265172e-01 6.38801720e+03 8.94699698e+06
8.68850960e-01 5.47596674e+03 8.67421595e+06
8.32939531e-01 4.49368971e+03 8.34482107e+06
7.91721351e-01 3.48792347e+03 7.95974034e+06
7.45423799e-01 2.50634305e+03 7.52033483e+06
6.94310889e-01 1.59485582e+03 7.02843729e+06
6.38682635e-01 7.94810230e+02 6.48638760e+06
5.78874006e-01 1.40239317e+02 5.89705942e+06
5.15253421e-01 -3.44739866e+02 5.26387725e+06
4.48220766e-01 -6.48261625e+02 4.59081994e+06
3.78204900e-01 -7.72702023e+02 3.88240327e+06
3.05660666e-01 -7.36305076e+02 3.14364704e+06
2.31065418e-01 -5.74550641e+02 2.38002513e+06
1.54915105e-01 -3.41669708e+02 1.59739836e+06
7.77199792e-02 -1.13672253e+02 8.01931303e+05
1.43203908e-33 -6.14071820e-62 0.00000000e+00
1.52031333e-33 -6.92110815e-62 0.00000000e+00
7.28103590e-02 -1.01657629e+02 6.69816749e+05
1.45183953e-01 -3.10660333e+02 1.33537042e+06
2.16686982e-01 -5.33744368e+02 1.99244581e+06
2.86891534e-01 -7.05292672e+02 2.63695473e+06
3.55378360e-01 -7.77234459e+02 3.26498644e+06
4.21739476e-01 -7.16438955e+02 3.87284538e+06
4.85580535e-01 -5.03545944e+02 4.45707855e+06
5.46522965e-01 -1.32053294e+02 5.01448688e+06
6.04205859e-01 3.92711969e+02 5.54212691e+06
6.58287645e-01 1.05486577e+03 6.03729834e+06
7.08447544e-01 1.82950831e+03 6.49752928e+06
7.54386861e-01 2.68451119e+03 6.92055404e+06
7.95830142e-01 3.58250017e+03 7.30429075e+06
8.32526228e-01 4.48296767e+03 7.64681933e+06
8.64249248e-01 5.34444109e+03 7.94636202e+06
8.90799576e-01 6.12662898e+03 8.20127011e+06
9.12004775e-01 6.79246633e+03 8.41001910e+06
9.27720547e-01 7.30998281e+03 8.57120366e+06
9.37831683e-01 7.65392179e+03 8.68354730e+06
9.42253030e-01 7.80704488e+03 8.74590670e+06
9.40930450e-01 7.76106573e+03 8.75729067e+06
9.33841773e-01 7.51716758e+03 8.71687462e+06
9.20997719e-01 7.08607250e+03 8.62403067e+06
9.02442765e-01 6.48764500e+03 8.47835332e+06
8.78255916e-01 5.75002990e+03 8.27969205e+06
8.48551366e-01 4.90834267e+03 8.02818272e+06
8.13478986e-01 4.00294985e+03 7.72428384e+06
7.73224620e-01 3.07739648e+03 7.36881473e+06
7.28010124e-01 2.17605605e+03 6.96299267e+06
6.78093107e-01 1.34159532e+03 6.50847308e+06
6.23766328e-01 6.12359255e+02 6.00738137e+06
5.65356684e-01 1.97894407e+01 5.46234189e+06
5.03223767e-01 -4.14010439e+02 4.87649606e+06
4.37757941e-01 -6.78459602e+02 4.25350927e+06
3.69377926e-01 -7.76360808e+02 3.59755468e+06
2.98527887e-01 -7.25418812e+02 2.91328855e+06
2.25674048e-01 -5.59516633e+02 2.20580027e+06
1.51300870e-01 -3.30132219e+02 1.48055170e+06
7.59068477e-02 -1.09182527e+02 7.43297888e+05
1.52031333e-33 -6.92110815e-62 0.00000000e+00
1.66157762e-33 -8.26705253e-62 0.00000000e+00
7.07015185e-02 -9.66394271e+01 6.16845134e+05
1.40978403e-01 -2.97332424e+02 1.22971935e+06
2.10408937e-01 -5.15265590e+02 1.83469907e+06
2.78577182e-01 -6.89218595e+02 2.42798595e+06
3.45075711e-01 -7.74187324e+02 3.00595644e+06
4.09508143e-01 -7.38970750e+02 3.56519774e+06
4.71491461e-01 -5.65093285e+02 4.10253311e+06
5.30658084e-01 -2.45966488e+02 4.61503300e+06
5.86657699e-01 2.14056662e+02 5.10001182e+06
6.39158867e-01 8.00852510e+02 5.55501686e+06
6.87850421e-01 1.49194653e+03 5.97781032e+06
7.32442706e-01 2.25816044e+03 6.36634736e+06
7.72668677e-01 3.06544000e+03 6.71875232e+06
8.08284904e-01 3.87680265e+03 7.03329724e+06
8.39072517e-01 4.65433647e+03 7.30838122e+06
8.64838123e-01 5.36117846e+03 7.54251849e+06
8.85414700e-01 5.96339958e+03 7.73432789e+06
9.00662512e-01 6.43172616e+03 7.88253643e+06
9.10470021e-01 6.74303122e+03 7.98597836e+06
9.14754813e-01 6.88153562e+03 8.04360515e+06
9.13464528e-01 6.83966707e+03 8.05449866e+06
9.06577780e-01 6.61853536e+03 8.01788946e+06
8.94105049e-01 6.22799404e+03 7.93318004e+06
8.76089521e-01 5.68627288e+03 7.79997302e+06
8.52607843e-01 5.01918105e+03 7.61809855e+06
8.23770760e-01 4.25889790e+03 7.38764699e+06
7.89723596e-01 3.44238615e+03 7.10900089e+06
7.50646550e-01 2.60948010e+03 6.78287141e+06
7.06754741e-01 1.80071875e+03 6.41033484e+06
6.58297971e-01 1.05500891e+03 5.99286858e+06
6.05560152e-01 4.07215517e+02 5.53238520e+06
5.48858351e-01 -1.14216041e+02 5.03126174e+06
4.88541403e-01 -4.89501100e+02 4.49235813e+06
4.24988070e-01 -7.09525514e+02 3.91902543e+06
3.58604714e-01 -7.77555199e+02 3.31509828e+06
2.89822482e-01 -7.10629192e+02 2.68486862e+06
2.19094032e-01 -5.40729287e+02 2.03304452e+06
1.46889816e-01 -3.16081709e+02 1.36469208e+06
7.36939851e-02 -1.03786249e+02 6.85161081e+05
1.66157762e-33 -8.26705253e-62 0.00000000e+00
1.84376428e-33 -1.01793542e-61 0.00000000e+00
6.82299967e-02 -9.08721357e+01 5.64514876e+05
1.36049636e-01 -2.81796915e+02 1.12534476e+06
2.03051414e-01 -4.93173238e+02 1.67885255e+06
2.68833486e-01 -6.68707117e+02 2.22152625e+06
3.33002320e-01 -7.66841873e+02 2.75002437e+06
3.95175175e-01 -7.58560000e+02 3.26121479e+06
4.54982337e-01 -6.26407505e+02 3.75219544e+06
5.12069122e-01 -3.63738012e+02 4.22030318e+06
5.66097632e-01 2.61405043e+01 4.66310965e+06
6.16748289e-01 5.31023749e+02 5.07840653e+06
6.63721165e-01 1.13109581e+03 5.46418858e+06
7.06737155e-01 1.80042065e+03 5.81862831e+06
7.45539017e-01 2.50859789e+03 6.14005426e+06
7.79892321e-01 3.22252744e+03 6.42692682e+06
8.09586340e-01 3.90822071e+03 6.67782060e+06
8.34434915e-01 4.53259298e+03 6.89140709e+06
8.54277306e-01 5.06517103e+03 7.06645163e+06
8.68979062e-01 5.47965221e+03 7.20180742e+06
8.78432883e-01 5.75525469e+03 7.29641956e+06
8.82559518e-01 5.87780446e+03 7.34933371e+06
8.81308645e-01 5.84051205e+03 7.35970594e+06
8.74659759e-01 5.64440116e+03 7.32682094e+06
8.62623033e-01 5.29836242e+03 7.25011382e+06
8.45240122e-01 4.81881818e+03 7.12919547e+06
8.22584897e-01 4.22899818e+03 6.96388033e+06
7.94764060e-01 3.55784179e+03 6.75421368e+06
7.61917615e-01 2.83855833e+03 6.50050549e+06
7.24219160e-01 2.10689343e+03 6.20336094e+06
6.81875939e-01 1.39916485e+03 5.86371675e+06
6.35128632e-01 7.50145027e+02 5.48287613e+06
5.84250820e-01 1.90878794e+02 5.06254248e+06
5.29548083e-01 -2.53468959e+02 4.60484630e+06
4.71356690e-01 -5.65640449e+02 4.11236840e+06
4.10041842e-01 -7.38101141e+02 3.58814995e+06
3.45995452e-01 -7.74582306e+02 3.03568731e+06
2.79633446e-01 -6.91335560e+02 2.45891157e+06
2.11392610e-01 -5.18184757e+02 1.86215224e+06
1.41727002e-01 -2.99700464e+02 1.25008313e+06
7.11039929e-02 -9.75903359e+01 6.27652108e+05
1.84376428e-33 -1.01793542e-61 0.00000000e+00
2.09009540e-33 -1.30810212e-61 0.00000000e+00
6.54183528e-02 -8.44658918e+01 5.12928480e+05
1.30442651e-01 -2.64263586e+02 1.02245278e+06
1.94681620e-01 -4.67548511e+02 1.52521701e+06
2.57749500e-01 -6.43338370e+02 2.01798978e+06
3.19268618e-01 -7.53808730e+02 2.49771064e+06
3.78871785e-01 -7.72324891e+02 2.96152398e+06
4.36204449e-01 -6.82575011e+02 3.40680048e+06
4.90926607e-01 -4.77901977e+02 3.83114065e+06
5.42714481e-01 -1.60548710e+02 4.23237006e+06
5.91261967e-01 2.59279635e+02 4.60852285e+06
6.36281888e-01 7.64556260e+02 4.95782166e+06
6.77507097e-01 1.33275826e+03 5.27865375e+06
7.14691448e-01 1.93733906e+03 5.56954621e+06
7.47610686e-01 2.54929811e+03 5.82914572e+06
7.76063277e-01 3.13879230e+03 6.05619503e+06
7.99871226e-01 3.67673056e+03 6.24952404e+06
8.18880871e-01 4.13629293e+03 6.40803617e+06
8.32963705e-01 4.49431724e+03 6.53071079e+06
8.42017198e-01 4.73249965e+03 6.61660213e+06
8.45965641e-01 4.83836068e+03 6.66484747e+06
8.44760989e-01 4.80593470e+03 6.67467604e+06
8.38383710e-01 4.63614955e+03 6.64542819e+06
8.26843602e-01 4.33687217e+03 6.57657121e+06
8.10180566e-01 3.92260806e+03 6.46772730e+06
7.88465314e-01 3.41385435e+03 6.31869564e+06
7.61799955e-01 2.83612074e+03 6.12948148e+06
7.30318457e-01 2.21864643e+03 5.90032281e+06
6.94186931e-01 1.59285592e+03 5.63172373e+06
6.53603696e-01 9.90610387e+02 5.32448497e+06
6.08799092e-01 4.42323572e+02 4.97973972e+06
5.60034987e-01 -2.49790155e+01 4.59898545e+06
5.07603937e-01 -3.89572844e+02 4.18411115e+06
4.51827954e-01 -6.36834285e+02 3.73742304e+06
3.93056852e-01 -7.60851079e+02 3.26165442e+06
3.31666140e-01 -7.65787667e+02 2.75996756e+06
2.68054456e-01 -6.66992854e+02 2.23593603e+06
2.02640552e-01 -4.91926892e+02 1.69351375e+06
1.35859855e-01 -2.81200849e+02 1.13698506e+06
6.81606575e-02 -9.07121450e+01 5.70900794e+05
2.09009540e-33 -1.30810212e-61 0.00000000e+00
2.32522642e-33 -1.61897421e-61 0.00000000e+00
6.22901983e-02 -7.75395725e+01 4.62187552e+05
1.24204548e-01 -2.44974145e+02 9.21245966e+05
1.85369898e-01 -4.38539021e+02 1.37409675e+06
2.45418442e-01 -6.12802133e+02 1.81778573e+06
3.03990204e-01 -7.33857990e+02 2.24952936e+06
3.60735337e-01 -7.77597619e+02 2.66674663e+06
4.15316179e-01 -7.28953841e+02 3.06707650e+06
4.67409074e-01 -5.81323445e+02 3.44838143e+06
5.16705943e-01 -3.35913974e+02 3.80873732e+06
5.62915647e-01 -9.29783918e-01 4.14641564e+06
6.05765158e-01 4.09420023e+02 4.45986282e+06
6.45000577e-01 8.76076145e+02 4.74767502e+06
6.80388042e-01 1.37641263e+03 5.00857428e+06
7.11714545e-01 1.88560599e+03 5.24138438e+06
7.38788712e-01 2.37804093e+03 5.44501563e+06
7.61441552e-01 2.82870169e+03 5.61844669e+06
7.79527207e-01 3.21449735e+03 5.76071890e+06
7.92923719e-01 3.51547145e+03 5.87093178e+06
8.01533802e-01 3.71584899e+03 5.94824544e+06
8.05285636e-01 3.80487833e+03 5.99188648e+06
8.04133674e-01 3.77743155e+03 6.00115829e+06
7.98059429e-01 3.63433390e+03 5.97545340e+06
7.87072267e-01 3.38240153e+03 5.91427470e+06
7.71210134e-01 3.03417684e+03 5.81725594e+06
7.50540226e-01 2.60736151e+03 5.68418527e+06
7.25159561e-01 2.12395957e+03 5.51502892e+06
6.95195415e-01 1.60915550e+03 5.30995915e+06
6.60805605e-01 1.08996495e+03 5.06938160e+06
6.22178560e-01 5.93707661e+02 4.79396725e+06
5.79533164e-01 1.46363124e+02 4.48468452e+06
5.33118304e-01 -2.29121953e+02 4.14282990e+06
4.83212092e-01 -5.14500326e+02 3.77005758e+06
4.30120727e-01 -6.97790735e+02 3.36840276e+06
3.74176945e-01 -7.74677235e+02 2.94029711e+06
3.15738036e-01 -7.49692741e+02 2.48857242e+06
2.55183430e-01 -6.37176171e+02 2.01644883e+06
1.92911830e-01 -4.62071734e+02 1.52750847e+06
1.29337943e-01 -2.60829611e+02 1.02565123e+06
6.48888392e-02 -8.32783336e+01 5.15034839e+05
2.32522642e-33 -1.61897421e-61 0.00000000e+00
2.63089521e-33 -2.07260495e-61 0.00000000e+00
5.88700894e-02 -7.02195438e+01 4.12390253e+05
1.17384312e-01 -2.24204882e+02 8.21922711e+05
1.75189408e-01 -4.06377580e+02 1.22579100e+06
2.31937265e-01 -5.76949563e+02 1.62131519e+06
2.87287311e-01 -7.06023529e+02 2.00598526e+06
3.40908702e-01 -7.72102294e+02 2.37749203e+06
3.92482269e-01 -7.61446220e+02 2.73374069e+06
4.41702229e-01 -6.67585467e+02 3.07285058e+06
4.88277656e-01 -4.90768041e+02 3.39314290e+06
5.31933742e-01 -2.37269577e+02 3.69312231e+06
5.72412876e-01 8.14502876e+01 3.97145201e+06
6.09475586e-01 4.49731562e+02 4.22693119e+06
6.42901366e-01 8.48808737e+02 4.45846735e+06
6.72489430e-01 1.25797947e+03 4.66505954e+06
6.98059427e-01 1.65580509e+03 4.84577397e+06
7.19452131e-01 2.02129900e+03 4.99973552e+06
7.36530142e-01 2.33505882e+03 5.12611573e+06
7.49178588e-01 2.58029955e+03 5.22413036e+06
7.57305855e-01 2.74374758e+03 5.29304225e+06
7.60844327e-01 2.81635915e+03 5.33216458e+06
7.59751140e-01 2.79383204e+03 5.34087130e+06
7.54008930e-01 2.67688538e+03 5.31860883e+06
7.43626571e-01 2.47128992e+03 5.26491555e+06
7.28639869e-01 2.18763942e+03 5.17943925e+06
7.09112192e-01 1.84086374e+03 5.06195865e+06
6.85135011e-01 1.44949410e+03 4.91240627e+06
6.56828322e-01 1.03470215e+03 4.73089183e+06
6.24340916e-01 6.19145181e+02 4.51772867e+06
5.87850466e-01 2.25660236e+02 4.27346467e+06
5.47563383e-01 -1.24141028e+02 3.99891003e+06
5.03714421e-01 -4.11317327e+02 3.69516757e+06
4.56565961e-01 -6.21019050e+02 3.36366318e+06
4.06406964e-01 -7.43822160e+02 3.00616781e+06
3.53551537e-01 -7.76917232e+02 2.62481769e+06
2.98337089e-01 -7.25112103e+02 2.22211969e+06
2.41122066e-01 -6.01639453e+02 1.80094532e+06
1.82283266e-01 -4.28829226e+02 1.36450858e+06
1.22212744e-01 -2.38871231e+02 9.16329497e+05
6.13143551e-02 -7.54235767e+01 4.60176930e+05
2.63089521e-33 -2.07260495e-61 0.00000000e+00
2.93523659e-33 -2.57985714e-61 0.00000000e+00
5.51834155e-02 -6.26382620e+01 3.63633488e+05
1.10032593e-01 -2.02268174e+02 7.24676354e+05
1.64215794e-01 -3.71397534e+02 1.08059165e+06
2.17406214e-01 -5.35837512e+02 1.42897061e+06
2.69284258e-01 -6.69694143e+02 1.76757375e+06
3.19539608e-01 -7.54112019e+02 2.09436029e+06
3.67873052e-01 -7.76740757e+02 2.40749821e+06
4.13998077e-01 -7.31334473e+02 2.70535907e+06
4.57642225e-01 -6.17297953e+02 2.98650446e+06
4.98548251e-01 -4.39116476e+02 3.24966421e+06
5.36475108e-01 -2.05656321e+02 3.49371159e+06
5.71198801e-01 7.06528675e+01 3.71763880e+06
6.02513141e-01 3.74729628e+02 3.92053442e+06
6.30230430e-01 6.89814729e+02 4.10155958e+06
6.54182108e-01 9.98472429e+02 4.25993350e+06
6.74219393e-01 1.28358201e+03 4.39491693e+06
6.90213913e-01 1.52928254e+03 4.50580620e+06
7.02058365e-01 1.72183499e+03 4.59192897e+06
7.09667182e-01 1.85036805e+03 4.65264473e+06
7.12977225e-01 1.90747708e+03 4.68735077e+06
7.11948486e-01 1.88965012e+03 4.69548978e+06
7.06564782e-01 1.79749991e+03 4.67656212e+06
6.96834449e-01 1.63578714e+03 4.63014114e+06
6.82790988e-01 1.41322735e+03 4.55589111e+06
6.64493656e-01 1.14208189e+03 4.45358432e+06
6.42027977e-01 8.37542043e+02 4.32312273e+06
6.15506143e-01 5.16924534e+02 4.16455944e+06
5.85067271e-01 1.98705636e+02 3.97812373e+06
5.50877498e-01 -9.85700858e+01 3.76424592e+06
5.13129863e-01 -3.57462750e+02 3.52358602e+06
4.72043952e-01 -5.62842045e+02 3.25706298e+06
4.27865256e-01 -7.03070634e+02 2.96588088e+06
3.80864215e-01 -7.71112634e+02 2.65155649e+06
3.31334904e-01 -7.65519058e+02 2.31593702e+06
2.79593337e-01 -6.91255564e+02 1.96121088e+06
2.25975364e-01 -5.60365683e+02 1.58990580e+06
1.70834177e-01 -3.92520962e+02 1.20487407e+06
1.14537403e-01 -2.15649971e+02 8.09259438e+05
5.74638596e-02 -6.72891184e+01 4.06447966e+05
2.93523659e-33 -2.57985714e-61 0.00000000e+00
3.31315588e-33 -3.28695054e-61 0.00000000e+00
5.12562843e-02 -5.49327081e+01 3.16010529e+05
1.02201470e-01 -1.79512614e+02 6.29694681e+05
1.52526840e-01 -3.34043801e+02 9.38783138e+05
2.01928370e-01 -4.89763514e+02 1.24113426e+06
2.50108875e-01 -6.24687934e+02 1.53477827e+06
2.96779947e-01 -7.22579350e+02 1.81793889e+06
3.41663658e-01 -7.72515723e+02 2.08904156e+06
3.84494015e-01 -7.68572185e+02 2.34670512e+06
4.25018206e-01 -7.09459527e+02 2.58972403e+06
4.62997645e-01 -5.98067188e+02 2.81704477e+06
4.98208862e-01 -4.40899802e+02 3.02774198e+06
5.30444268e-01 -2.47416366e+02 3.22099265e+06
5.59512834e-01 -2.92918596e+01 3.39605380e+06
5.85240706e-01 2.00372939e+02 3.55224323e+06
6.07471791e-01 4.27864504e+02 3.68892102e+06
6.26068335e-01 6.39662203e+02 3.80547803e+06
6.40911500e-01 8.23206186e+02 3.90132783e+06
6.51901963e-01 9.67598127e+02 3.97590248e+06
6.58960534e-01 1.06420726e+03 4.02865525e+06
6.62028790e-01 1.10715681e+03 4.05906374e+06
6.61069723e-01 1.09366930e+03 4.06663719e+06
6.56068387e-01 1.02425384e+03 4.05092837e+06
6.47032536e-01 9.02723060e+02 4.01154723e+06
6.33993220e-01 7.36033924e+02 3.94817449e+06
6.17005342e-01 5.33952581e+02 3.86058052e+06
5.96148130e-01 3.08551066e+02 3.74864134e+06
5.71525513e-01 7.35507676e+01 3.61235966e+06
5.43266366e-01 -1.56464845e+02 3.45188631e+06
5.11524611e-01 -3.66938659e+02 3.26754332e+06
4.76479119e-01 -5.44293667e+02 3.05985022e+06
4.38333398e-01 -6.76911197e+02 2.82955015e+06
3.97315024e-01 -7.56089885e+02 2.57763777e+06
3.53674776e-01 -7.76941695e+02 2.30538308e+06
3.07685446e-01 -7.39185673e+02 2.01435401e+06
2.59640297e-01 -6.47811311e+02 1.70642735e+06
2.09851133e-01 -5.13606466e+02 1.38379560e+06
1.58645997e-01 -3.53593030e+02 1.04895289e+06
1.06366487e-01 -1.91530354e+02 7.04673429e+05
5.33647189e-02 -5.90211339e+01 3.53963207e+05
3.31315588e-33 -3.28695054e-61 0.00000000e+00
3.73200502e-33 -4.17055515e-61 0.00000000e+00
4.71154046e-02 -4.72426545e+01 2.69612452e+05
9.39442230e-02 -1.56321605e+02 5.37161626e+05
1.40202118e-01 -2.94878991e+02 8.00642650e+05
1.85609175e-01 -4.39289986e+02 1.05818153e+06
2.29891913e-01 -5.71307256e+02 1.30807324e+06
2.72785076e-01 -6.77235727e+02 1.54880342e+06
3.14033189e-01 -7.47596847e+02 1.77904983e+06
3.53391893e-01 -7.76884886e+02 1.99767086e+06
3.90629053e-01 -7.63289675e+02 2.20368492e+06
4.25525700e-01 -7.08343131e+02 2.39624652e+06
4.57876820e-01 -6.16480508e+02 2.57461995e+06
4.87492032e-01 -4.94523478e+02 2.73815613e+06
5.14196193e-01 -3.51100773e+02 2.88627166e+06
5.37829945e-01 -1.96026895e+02 3.01842835e+06
5.58250236e-01 -3.96619617e+01 3.13411935e+06
5.75330842e-01 1.07723197e+02 3.23285630e+06
5.88962885e-01 2.36552492e+02 3.31416203e+06
5.99055380e-01 3.38497189e+02 3.37756863e+06
6.05535791e-01 4.06953710e+02 3.42261659e+06
6.08350614e-01 4.37426837e+02 3.44885998e+06
6.07465967e-01 4.27801271e+02 3.45587282e+06
6.02868184e-01 3.78487991e+02 3.44325957e+06
5.94564397e-01 2.92435906e+02 3.41066610e+06
5.82583088e-01 1.75004051e+02 3.35779305e+06
5.66974595e-01 3.36948114e+01 3.28441020e+06
5.47811548e-01 -1.22245634e+02 3.19037302e+06
5.25189221e-01 -2.82347575e+02 3.07563988e+06
4.99225764e-01 -4.35540701e+02 2.94029126e+06
4.70062296e-01 -5.70856051e+02 2.78454961e+06
4.37862835e-01 -6.78178326e+02 2.60880387e+06
4.02814028e-01 -7.49016014e+02 2.41363282e+06
3.65124642e-01 -7.77254490e+02 2.19983178e+06
3.25024804e-01 -7.59857351e+02 1.96843632e+06
2.82764927e-01 -6.97484833e+02 1.72074452e+06
2.38614327e-01 -5.95007172e+02 1.45833290e+06
1.92859475e-01 -4.61909433e+02 1.18306336e+06
1.45801900e-01 -3.12623308e+02 8.97081315e+05
9.77557274e-02 -1.66915896e+02 6.02794176e+05
4.90448827e-02 -5.07689040e+01 3.02834076e+05
3.73200502e-33 -4.17055515e-61 0.00000000e+00
4.20241031e-33 -5.28818131e-61 0.00000000e+00
4.27879649e-02 -3.97087730e+01 2.24529100e+05
8.53150857e-02 -1.33110334e+02 4.47256983e+05
1.27322620e-01 -2.54584270e+02 6.66444091e+05
1.68555952e-01 -3.85256762e+02 8.80480947e+05
2.08766445e-01 -5.10372491e+02 1.08792638e+06
2.47713080e-01 -6.18656996e+02 1.28752213e+06
2.85163870e-01 -7.02065242e+02 1.47819252e+06
3.20897042e-01 -7.55603889e+02 1.65902600e+06
3.54702027e-01 -7.77128382e+02 1.82925570e+06
3.86380291e-01 -7.67081178e+02 1.98823125e+06
4.15746019e-01 -7.28163786e+02 2.13539615e+06
4.42626716e-01 -6.64947921e+02 2.27026320e+06
4.66863734e-01 -5.83437837e+02 2.39239577e+06
4.88312753e-01 -4.90599631e+02 2.50139042e+06
5.06844245e-01 -3.93875291e+02 2.59686195e+06
5.22343934e-01 -3.00700105e+02 2.67843428e+06
5.34713259e-01 -2.18042087e+02 2.74573270e+06
5.43869864e-01 -1.51981475e+02 2.79838141e+06
5.49748100e-01 -1.07347218e+02 2.83600403e+06
5.52299552e-01 -8.74257004e+01 2.85822715e+06
5.51493565e-01 -9.37547989e+01 2.86468745e+06
5.47317792e-01 -1.26013679e+02 2.85503923e+06
5.39778712e-01 -1.82015575e+02 2.82896465e+06
5.28902134e-01 -2.57807116e+02 2.78618535e+06
5.14733655e-01 -3.47873718e+02 2.72647482e+06
4.97339061e-01 -4.45446141e+02 2.64967191e+06
4.76804642e-01 -5.42898770e+02 2.55569721e+06
4.53237412e-01 -6.32225596e+02 2.44456790e+06
4.26765202e-01 -7.05575569e+02 2.31641693e+06
3.97536601e-01 -7.55825119e+02 2.17151280e+06
3.65720728e-01 -7.77162748e+02 2.01028234e+06
3.31506790e-01 -7.65658806e+02 1.83333410e+06
2.95103414e-01 -7.19793763e+02 1.64148214e+06
2.56737695e-01 -6.40921118e+02 1.43576649e+06
2.16653972e-01 -5.33648178e+02 1.21747308e+06
1.75112267e-01 -4.06132556e+02 9.88144981e+05
1.32386397e-01 -2.70322838e+02 7.49583727e+05
8.87617544e-02 -1.42246035e+02 5.03837218e+05
4.45327532e-02 -4.26828120e+01 2.53168232e+05
4.20241031e-33 -5.28818131e-61 0.00000000e+00
4.66748004e-33 -6.52340541e-61 0.00000000e+00
3.83015089e-02 -3.24706070e+01 1.80848563e+05
7.63689991e-02 -1.10321158e+02 3.60158965e+05
1.13970391e-01 -2.13954893e+02 5.36457118e+05
1.50877400e-01 -3.28781661e+02 7.08397895e+05
1.86867225e-01 -4.43233973e+02 8.74800078e+05
2.21724023e-01 -5.48293781e+02 1.03465721e+06
2.55240161e-01 -6.37313534e+02 1.18713009e+06
2.87217261e-01 -7.05894403e+02 1.33152876e+06
3.17467063e-01 -7.51746514e+02 1.46728713e+06
3.45812137e-01 -7.74505477e+02 1.59393923e+06
3.72086483e-01 -7.75499417e+02 1.71109287e+06
3.96136043e-01 -7.57470264e+02 1.81841062e+06
4.17819161e-01 -7.24258170e+02 1.91559078e+06
4.37006995e-01 -6.80460724e+02 2.00235273e+06
4.53583929e-01 -6.31080127e+02 2.07842399e+06
4.67447970e-01 -5.81172157e+02 2.14353104e+06
4.78511162e-01 -5.35510749e+02 2.19739317e+06
4.86700016e-01 -4.98281604e+02 2.23972145e+06
4.91955958e-01 -4.72817361e+02 2.27021690e+06
4.94235790e-01 -4.61385617e+02 2.28857561e+06
4.93512175e-01 -4.65039490e+02 2.29449323e+06
4.89774108e-01 -4.83538369e+02 2.28767263e+06
4.83027392e-01 -5.15344164e+02 2.26783296e+06
4.73295079e-01 -5.57695610e+02 2.23471814e+06
4.60617885e-01 -6.06760153e+02 2.18810749e+06
4.45054547e-01 -6.57859671e+02 2.12782890e+06
4.26682109e-01 -7.05762916e+02 2.05377034e+06
4.05596118e-01 -7.45034160e+02 1.96589393e+06
3.81910716e-01 -7.70424343e+02 1.86425192e+06
3.55758596e-01 -7.77288208e+02 1.74900440e+06
3.27290807e-01 -7.62008741e+02 1.62043876e+06
2.96676379e-01 -7.22409025e+02 1.47898988e+06
2.64101733e-01 -6.58131771e+02 1.32526341e+06
2.29769872e-01 -5.70969011e+02 1.16005683e+06
1.93899292e-01 -4.65129841e+02 9.84378012e+05
1.56722619e-01 -3.47445119e+02 7.99461237e+05
1.18484942e-01 -2.27531247e+02 6.06774027e+05
7.94418309e-02 -1.17991268e+02 4.08010921e+05
3.98570499e-02 -3.49121914e+01 2.05068799e+05
4.66748004e-33 -6.52340541e-61 0.00000000e+00
5.30093131e-33 -8.41421848e-61 0.00000000e+00
3.36838068e-02 -2.56644530e+01 1.38658630e+05
6.71613518e-02 -8.84175446e+01 2.76045399e+05
1.00228131e-01 -1.73890673e+02 4.10951790e+05
1.32683074e-01 -2.71249514e+02 5.42297132e+05
1.64330046e-01 -3.71762618e+02 6.69156210e+05
1.94979155e-01 -4.68467395e+02 7.90766999e+05
2.24447840e-01 -5.56050972e+02 9.06517650e+05
2.52561771e-01 -6.30773677e+02 1.01592597e+06
2.79155586e-01 -6.90380483e+02 1.11861485e+06
3.04073499e-01 -7.33981511e+02 1.21428577e+06
3.27169805e-01 -7.61897184e+02 1.30269976e+06
3.48309315e-01 -7.75470505e+02 1.38365467e+06
3.67367747e-01 -7.76852632e+02 1.45697184e+06
3.84232082e-01 -7.68769954e+02 1.52248236e+06
3.98800912e-01 -7.54281960e+02 1.58001559e+06
4.10984790e-01 -7.36539672e+02 1.62939253e+06
4.20706583e-01 -7.18554431e+02 1.67041961e+06
4.27901852e-01 -7.02986512e+02 1.70288724e+06
4.32519237e-01 -6.91962432e+02 1.72656935e+06
4.34520869e-01 -6.86928918e+02 1.74122760e+06
4.33882784e-01 -6.88550333e+02 1.74661366e+06
4.30595345e-01 -6.96654946e+02 1.74247867e+06
4.24663655e-01 -7.10233717e+02 1.72857716e+06
4.16107947e-01 -7.27493309e+02 1.70467652e+06
4.04963947e-01 -7.45962931e+02 1.67056576e+06
3.91283185e-01 -7.62652222e+02 1.62606473e+06
3.75133251e-01 -7.74255073e+02 1.57103470e+06
3.56597971e-01 -7.77391815e+02 1.50539081e+06
3.35777490e-01 -7.68880040e+02 1.42911391e+06
3.12788237e-01 -7.46022278e+02 1.34226636e+06
2.87762769e-01 -7.06897316e+02 1.24500814e+06
2.60849447e-01 -6.50641112e+02 1.13761580e+06
2.32211940e-01 -5.77703428e+02 1.02050260e+06
2.02028526e-01 -4.90067983e+02 8.94236988e+05
1.70491166e-01 -3.91427860e+02 7.59564600e+05
1.37804321e-01 -2.87315888e+02 6.17424108e+05
1.04183510e-01 -1.85206561e+02 4.68958833e+05
6.98535747e-02 -9.46467032e+01 3.15517643e+05
3.50466719e-02 -2.76030756e+01 1.58636678e+05
5.30093131e-33 -8.41421848e-61 0.00000000e+00
5.83211646e-33 -1.01850181e-60 0.00000000e+00
2.89627216e-02 -1.94212140e+01 9.80493481e+04
5.77477125e-02 -6.78768386e+01 1.95096350e+05
8.61788002e-02 -1.35382049e+02 2.90201655e+05
1.14082845e-01 -2.14290836e+02 3.82547490e+05
1.41291053e-01 -2.98321180e+02 4.71459666e+05
1.67640097e-01 -3.82334133e+02 5.56410854e+05
1.92973044e-01 -4.62261479e+02 6.37005091e+05
2.17140115e-01 -5.35063688e+02 7.12954046e+05
2.39999293e-01 -5.98680454e+02 7.84053293e+05
2.61416834e-01 -6.51960660e+02 8.50159602e+05
2.81267682e-01 -6.94568522e+02 9.11169844e+05
2.99435833e-01 -7.26867403e+02 9.67005431e+05
3.15814659e-01 -7.49785292e+02 1.01759819e+06
3.30307209e-01 -7.64667359e+02 1.06288057e+06
3.42826501e-01 -7.73121742e+02 1.10277418e+06
3.53295818e-01 -7.76865062e+02 1.13718595e+06
3.61649010e-01 -7.77574166e+02 1.16600197e+06
3.67830814e-01 -7.76750410e+02 1.18908609e+06
3.71797189e-01 -7.75602364e+02 1.20628124e+06
3.73515665e-01 -7.74952222e+02 1.21740917e+06
3.72965698e-01 -7.75170403e+02 1.22227710e+06
3.70139035e-01 -7.76141883e+02 1.22068027e+06
3.65040062e-01 -7.77266628e+02 1.21240973e+06
3.57686145e-01 -7.77495208e+02 1.19725709e+06
3.48107937e-01 -7.75399229e+02 1.17502269e+06
3.36349652e-01 -7.69274653e+02 1.14552243e+06
3.22469277e-01 -7.57274500e+02 1.10859629e+06
3.06538730e-01 -7.37565841e+02 1.06411870e+06
2.88643931e-01 -7.08504501e+02 1.01200815e+06
2.68884782e-01 -6.68819619e+02 9.52240212e+05
2.47375035e-01 -6.17799243e+02 8.84860990e+05
2.24242025e-01 -5.55467641e+02 8.10002674e+05
1.99626253e-01 -4.82745201e+02 7.27901068e+05
1.73680808e-01 -4.01582964e+02 6.38914064e+05
1.46570581e-01 -3.15066564e+02 5.43540414e+05
1.18471273e-01 -2.27489873e+02 4.42438480e+05
8.95681720e-02 -1.44410139e+02 3.36439843e+05
6.00546752e-02 -7.27243046e+01 2.26557384e+05
3.01305563e-02 -2.08959171e+01 1.13971832e+05
5.83211646e-33 -1.01850181e-60 0.00000000e+00
6.51072439e-33 -1.26931103e-60 0.00000000e+00
2.41660693e-02 -1.38643152e+01 5.91124488e+04
4.81835493e-02 -4.91823108e+01 1.17497406e+05
7.19051888e-02 -9.94929045e+01 1.74487301e+05
9.51863334e-02 -1.59752402e+02 2.29524404e+05
1.17886034e-01 -2.25719927e+02 2.82179621e+05
1.39867981e-01 -2.93823669e+02 3.32149058e+05
1.61001271e-01 -3.61122740e+02 3.79237682e+05
1.81161023e-01 -4.25289196e+02 4.23335528e+05
2.00228875e-01 -4.84586029e+02 4.64396052e+05
2.18093389e-01 -5.37832584e+02 5.02414227e+05
2.34650395e-01 -5.84355135e+02 5.37410626e+05
2.49803276e-01 -6.23923383e+02 5.69416505e+05
2.63463240e-01 -6.56675238e+02 5.98463559e+05
2.75549560e-01 -6.83033142e+02 6.24573507e+05
2.85989815e-01 -7.03615683e+02 6.47753300e+05
2.94720136e-01 -7.19148467e+02 6.67986289e+05
3.01685452e-01 -7.30378224e+02 6.85232552e+05
3.06839761e-01 -7.37994004e+02 6.99424064e+05
3.10146402e-01 -7.42559072e+02 7.10466324e+05
3.11578350e-01 -7.44456699e+02 7.18239662e+05
3.11118507e-01 -7.43852579e+02 7.22602414e+05
3.08760011e-01 -7.40675993e+02 7.23393719e+05
3.04506521e-01 -7.34621121e+02 7.20439508e+05
2.98372505e-01 -7.25169096e+02 7.13556308e+05
2.90383494e-01 -7.11630509e+02 7.02556911e+05
2.80576306e-01 -6.93207107e+02 6.87256763e+05
2.68999233e-01 -6.69070460e+02 6.67479892e+05
2.55712163e-01 -6.38454421e+02 6.43065755e+05
2.40786649e-01 -6.00757269e+02 6.13879046e+05
2.24305894e-01 -5.55648712e+02 5.79818450e+05
2.06364639e-01 -5.03176317e+02 5.40827795e+05
1.87068956e-01 -4.43865700e+02 4.96910155e+05
1.66535905e-01 -3.78808965e+02 4.48140285e+05
1.44893063e-01 -3.09736666e+02 3.94681902e+05
1.22277883e-01 -2.39070352e+02 3.36805471e+05
9.88368869e-02 -1.69956263e+02 2.74905871e+05
7.47246535e-02 -1.06288078e+02 2.09518501e+05
5.01025986e-02 -5.27443605e+01 1.41330089e+05
2.51375310e-02 -1.49233786e+01 7.11730404e+04
6.51072439e-33 -1.26931103e-60 0.00000000e+00
7.16479013e-33 -1.53715046e-60 0.00000000e+00
1.93214711e-02 -9.10782573e+00 2.19451942e+04
3.85239328e-02 -3.28152212e+01 4.34435015e+04
5.74894738e-02 -6.73420734e+01 6.41001739e+04
7.61023075e-02 -1.09663609e+02 8.36148180e+04
9.42496670e-02 -1.57163275e+02 1.01793071e+05
1.11822552e-01 -2.07561594e+02 1.18541671e+05
1.28716331e-01 -2.58900571e+02 1.33850611e+05
1.44831228e-01 -3.09540352e+02 1.47772966e+05
1.60072702e-01 -3.58154115e+02 1.60403089e+05
1.74351770e-01 -4.03716140e+02 1.71860436e+05
1.87585261e-01 -4.45481630e+02 1.82274903e+05
1.99696051e-01 -4.82958543e+02 1.91775699e+05
2.10613267e-01 -5.15872667e+02 2.00482981e+05
2.20272478e-01 -5.44127647e+02 2.08500417e+05
2.28615888e-01 -5.67761986e+02 2.15909223e+05
2.35592527e-01 -5.86905170e+02 2.22765571e+05
2.41158449e-01 -6.01735052e+02 2.29094554e+05
2.45276944e-01 -6.12438621e+02 2.34891694e+05
2.47918761e-01 -6.19178072e+02 2.40121688e+05
2.49062336e-01 -6.22063916e+02 2.44719192e+05
2.48694031e-01 -6.21136589e+02 2.48590402e+05
2.46808372e-01 -6.16357672e+02 2.51617100e+05
2.43408289e-01 -6.07611438e+02 2.53659119e+05
2.38505331e-01 -5.94717006e+02 2.54557882e+05
2.32119882e-01 -5.77450870e+02 2.54141062e+05
2.24281331e-01 -5.55579082e+02 2.52224799e+05
2.15028226e-01 -5.28897800e+02 2.48620792e+05
2.04408372e-01 -4.97280435e+02 2.43140392e+05
1.92478882e-01 -4.60729116e+02 2.35600700e+05
1.79306172e-01 -4.19427813e+02 2.25833491e+05
1.64965877e-01 -3.73794178e+02 2.13692087e+05
1.49542682e-01 -3.24527030e+02 1.99063389e+05
1.33130060e-01 -2.72646577e+02 1.81876831e+05
1.15829900e-01 -2.19524923e+02 1.62120655e+05
9.77520096e-02 -1.66905468e+02 1.39854726e+05
7.90134755e-02 -1.16911842e+02 1.15228786e+05
5.97378696e-02 -7.20512193e+01 8.84989156e+04
4.00542808e-02 -3.52269830e+01 6.00396046e+04
2.00961619e-02 -9.80835128e+00 3.03425664e+04
7.16479013e-33 -1.53715046e-60 0.00000000e+00
7.94647649e-33 -1.89085679e-60 0.00000000e+00
1.44561951e-02 -5.25501755e+00 -1.33481322e+04
2.88232190e-02 -1.92481797e+01 -2.68594322e+04
4.30127404e-02 -4.00870068e+01 -4.06560206e+04
5.69380489e-02 -6.62055393e+01 -5.47866131e+04
7.05147289e-02 -9.61992122e+01 -6.92216542e+04
8.36612180e-02 -1.28794203e+02 -8.38590247e+04
9.62992542e-02 -1.62844358e+02 -9.85385617e+04
1.08354228e-01 -1.97334569e+02 -1.13061990e+05
1.19755466e-01 -2.31383673e+02 -1.27208101e+05
1.30436457e-01 -2.64244313e+02 -1.40747974e+05
1.40335048e-01 -2.95298951e+02 -1.53454412e+05
1.49393608e-01 -3.24052048e+02 -1.65111119e+05
1.57559182e-01 -3.50118905e+02 -1.75518966e+05
1.64783630e-01 -3.73211911e+02 -1.84501318e+05
1.71023775e-01 -3.93125071e+02 -1.91908238e+05
1.76241535e-01 -4.09717771e+02 -1.97620300e+05
1.80404081e-01 -4.22898756e+02 -2.01550096e+05
1.83483991e-01 -4.32611233e+02 -2.03644431e+05
1.85459413e-01 -4.38819993e+02 -2.03883891e+05
1.86314240e-01 -4.41501281e+02 -2.02282979e+05
1.86038286e-01 -4.40636081e+02 -1.98889143e+05
1.84627465e-01 -4.36207267e+02 -1.93780701e+05
1.82083969e-01 -4.28200920e+02 -1.87064774e+05
1.78416432e-01 -4.16611889e+02 -1.78875225e+05
1.73640085e-01 -4.01453458e+02 -1.69370032e+05
1.67776892e-01 -3.82770744e+02 -1.58728453e+05
1.60855655e-01 -3.60657211e+02 -1.47148557e+05
1.52912094e-01 -3.35273456e+02 -1.34843199e+05
1.43988887e-01 -3.06867225e+02 -1.22035180e+05
1.34135660e-01 -2.75793435e+02 -1.08952430e+05
1.23408935e-01 -2.42532881e+02 -9.58208597e+04
1.11871997e-01 -2.07708271e+02 -8.28582496e+04
9.95947096e-02 -1.72096329e+02 -7.02635598e+04
8.66532371e-02 -1.36634974e+02 -5.82093587e+04
7.31296784e-02 -1.02425109e+02 -4.68264744e+04
5.91115978e-02 -7.07275355e+01 -3.61914928e+04
4.46914385e-02 -4.29575991e+01 -2.63097990e+04
2.99658028e-02 -2.06850538e+01 -1.71044324e+04
1.50345906e-02 -5.66245464e+00 -8.41342634e+03
7.94647649e-33 -1.89085679e-60 0.00000000e+00
8.78699017e-33 -2.31201002e-60 0.00000000e+00
9.59698412e-03 -2.39783694e+00 -4.66599297e+04
1.91347064e-02 -8.94244085e+00 -9.31998355e+04
2.85544718e-02 -1.89167275e+01 -1.39472520e+05
3.77986769e-02 -3.16971263e+01 -1.85284570e+05
4.68112598e-02 -4.66960552e+01 -2.30394957e+05
5.55380706e-02 -6.33532128e+01 -2.74520000e+05
6.39271652e-02 -8.11371921e+01 -3.17345995e+05
7.19290352e-02 -9.95497269e+01 -3.58543825e+05
7.94967920e-02 -1.18130002e+02 -3.97780931e+05
8.65863154e-02 -1.36458026e+02 -4.34730487e+05
9.31563789e-02 -1.54156705e+02 -4.69079535e+05
9.91687594e-02 -1.70892558e+02 -5.00533914e+05
1.04588336e-01 -1.86375190e+02 -5.28824234e+05
1.09383184e-01 -2.00355733e+02 -5.53708068e+05
1.13524667e-01 -2.12624518e+02 -5.74973992e+05
1.16987534e-01 -2.23008268e+02 -5.92443449e+05
1.19750014e-01 -2.31367115e+02 -6.05973096e+05
1.21793923e-01 -2.37591724e+02 -6.15455966e+05
1.23104770e-01 -2.41600797e+02 -6.20821701e+05
1.23671875e-01 -2.43339182e+02 -6.22037673e+05
1.23488486e-01 -2.42776770e+02 -6.19107285e+05
1.22551894e-01 -2.39908317e+02 -6.12071012e+05
1.20863555e-01 -2.34754262e+02 -6.01004259e+05
1.18429197e-01 -2.27362528e+02 -5.86016498e+05
1.15258924e-01 -2.17811243e+02 -5.67250494e+05
1.11367302e-01 -2.06212248e+02 -5.44880631e+05
1.06773435e-01 -1.92715137e+02 -5.19112129e+05
1.01501014e-01 -1.77511586e+02 -4.90177009e+05
9.55783442e-02 -1.60839579e+02 -4.58333552e+05
8.90383414e-02 -1.42987170e+02 -4.23861613e+05
8.19184927e-02 -1.24295340e+02 -3.87057862e+05
7.42607767e-02 -1.05159558e+02 -3.48232169e+05
6.61115371e-02 -8.60296721e+01 -3.07700772e+05
5.75213022e-02 -6.74078978e+01 -2.65778894e+05
4.85445460e-02 -4.98448445e+01 -2.22771470e+05
3.92393794e-02 -3.39339211e+01 -1.78962465e+05
2.96671654e-02 -2.03051889e+01 -1.34601007e+05
1.98920437e-02 -9.62151226e+00 -8.98914315e+04
9.98036026e-03 -2.58553713e+00 -4.49877748e+04
8.78699017e-33 -2.31201002e-60 0.00000000e+00
9.91522678e-33 -2.94384361e-60 0.00000000e+00
4.76987351e-03 -6.18569632e-01 -7.78824329e+04
9.51027315e-03 -2.35630367e+00 -1.55368005e+05
1.41920098e-02 -5.07357409e+00 -2.32048958e+05
1.87864413e-02 -8.63769699e+00 -3.07500876e+05
2.32656978e-02 -1.29136059e+01 -3.81283613e+05
2.76028650e-02 -1.77632378e+01 -4.52946987e+05
3.17721290e-02 -2.30468841e+01 -5.22038879e+05
3.57488906e-02 -2.86251284e+01 -5.88112949e+05
3.95098541e-02 -3.43608857e+01 -6.50736860e+05
4.30331012e-02 -4.01213403e+01 -7.09497468e+05
4.62981525e-02 -4.57796883e+01 -7.64004800e+05
4.92860211e-02 -5.12166503e+01 -8.13895830e+05
5.19792616e-02 -5.63217499e+01 -8.58836903e+05
5.43620167e-02 -6.09943711e+01 -8.98526728e+05
5.64200631e-02 -6.51446219e+01 -9.32697598e+05
5.81408581e-02 -6.86940328e+01 -9.61117376e+05
5.95135885e-02 -7.15761255e+01 -9.83591372e+05
6.05292225e-02 -7.37368839e+01 -9.99962694e+05
6.11805634e-02 -7.51351543e+01 -1.01011422e+06
6.14623069e-02 -7.57430005e+01 -1.01396777e+06
6.13710992e-02 -7.55460265e+01 -1.01148736e+06
6.09055961e-02 -7.45436781e+01 -1.00267620e+06
6.00665208e-02 -7.27495171e+01 -9.87579952e+05
5.88567196e-02 -7.01914616e+01 -9.66284300e+05
5.72812113e-02 -6.69119659e+01 -9.38917069e+05
5.53472325e-02 -6.29681156e+01 -9.05646893e+05
5.30642726e-02 -5.84315968e+01 -8.66682846e+05
5.04440998e-02 -5.33884939e+01 -8.22274917e+05
4.75007744e-02 -4.79388685e+01 -7.72711149e+05
4.42506467e-02 -4.21960638e+01 -7.18317266e+05
4.07123384e-02 -3.62856883e+01 -6.59453547e+05
3.69067027e-02 -3.03442349e+01 -5.96512708e+05
3.28567624e-02 -2.45173103e+01 -5.29915368e+05
2.85876206e-02 -1.89574758e+01 -4.60106614e+05
2.41263427e-02 -1.38217389e+01 -3.87549057e+05
1.95018046e-02 -9.26880942e+00 -3.12716224e+05
1.47445025e-02 -5.45636449e+00 -2.36083001e+05
9.88631777e-03 -2.53888112e+00 -1.58117297e+05
4.96023286e-03 -6.67587527e-01 -7.92757589e+04
9.91522678e-33 -2.94384361e-60 0.00000000e+00
1.07709654e-32 -3.47391104e-60 0.00000000e+00
1.02797880e-32 -3.16430068e-60 0.00000000e+00
9.86643388e-33 -2.91494155e-60 0.00000000e+00
9.50285013e-33 -2.70406540e-60 0.00000000e+00
9.17588878e-33 -2.52119079e-60 0.00000000e+00
8.69427086e-33 -2.26347532e-60 0.00000000e+00
8.35932710e-33 -2.09243545e-60 0.00000000e+00
8.24527129e-33 -2.03572603e-60 0.00000000e+00
7.90649436e-33 -1.87187723e-60 0.00000000e+00
7.72040078e-33 -1.78479822e-60 0.00000000e+00
7.58969958e-33 -1.72487887e-60 0.00000000e+00
7.29480022e-33 -1.59344191e-60 0.00000000e+00
7.13431826e-33 -1.52410325e-60 0.00000000e+00
7.01170235e-33 -1.47216462e-60 0.00000000e+00
6.79622044e-33 -1.38307059e-60 0.00000000e+00
6.81482490e-33 -1.39065318e-60 0.00000000e+00
6.63401821e-33 -1.31784020e-60 0.00000000e+00
6.46367159e-33 -1.25103078e-60 0.00000000e+00
6.46758804e-33 -1.25254728e-60 0.00000000e+00
6.49885102e-33 -1.26468566e-60 0.00000000e+00
6.49722596e-33 -1.26405326e-60 0.00000000e+00
6.49885102e-33 -1.26468566e-60 0.00000000e+00
6.46758804e-33 -1.25254728e-60 0.00000000e+00
6.46367159e-33 -1.25103078e-60 0.00000000e+00
6.63401821e-33 -1.31784020e-60 0.00000000e+00
6.81482490e-33 -1.39065318e-60 0.00000000e+00
6.79622044e-33 -1.38307059e-60 0.00000000e+00
7.01170235e-33 -1.47216462e-60 0.00000000e+00
7.13431826e-33 -1.52410325e-60 0.00000000e+00
7.29480022e-33 -1.59344191e-60 0.00000000e+00
7.39638211e-33 -1.63812904e-60 0.00000000e+00
7.72040078e-33 -1.78479822e-60 0.00000000e+00
7.90649436e-33 -1.87187723e-60 0.00000000e+00
8.24527129e-33 -2.03572603e-60 0.00000000e+00
8.35932710e-33 -2.09243545e-60 0.00000000e+00
8.69427086e-33 -2.26347532e-60 0.00000000e+00
9.16751869e-33 -2.51659332e-60 0.00000000e+00
9.46551787e-33 -2.68286111e-60 0.00000000e+00
9.86643388e-33 -2.91494155e-60 0.00000000e+00
1.02797880e-32 -3.16430068e-60 0.00000000e+00
1.07709654e-32 -3.47391104e-60 0.00000000e+00
