0 41 1
41 42 1
1 42 2
42 43 2
2 43 3
43 44 3
3 44 4
44 45 4
4 45 5
45 46 5
5 46 6
46 47 6
6 47 7
47 48 7
7 48 8
48 49 8
8 49 9
49 50 9
9 50 10
50 51 10
10 51 11
51 52 11
11 52 12
52 53 12
12 53 13
53 54 13
13 54 14
54 55 14
14 55 15
55 56 15
15 56 16
56 57 16
16 57 17
57 58 17
17 58 18
58 59 18
18 59 19
59 60 19
19 60 20
60 61 20
20 61 21
61 62 21
21 62 22
62 63 22
22 63 23
63 64 23
23 64 24
64 65 24
24 65 25
65 66 25
25 66 26
66 67 26
26 67 27
67 68 27
27 68 28
68 69 28
28 69 29
69 70 29
29 70 30
70 71 30
30 71 31
71 72 31
31 72 32
72 73 32
32 73 33
73 74 33
33 74 34
74 75 34
34 75 35
75 76 35
35 76 36
76 77 36
36 77 37
77 78 37
37 78 38
78 79 38
38 79 39
79 80 39
39 80 40
80 81 40
41 82 42
82 83 42
42 83 43
83 84 43
43 84 44
84 85 44
44 85 45
85 86 45
45 86 46
86 87 46
46 87 47
87 88 47
47 88 48
88 89 48
48 89 49
89 90 49
49 90 50
90 91 50
50 91 51
91 92 51
51 92 52
92 93 52
52 93 53
93 94 53
53 94 54
94 95 54
54 95 55
95 96 55
55 96 56
96 97 56
56 97 57
97 98 57
57 98 58
98 99 58
58 99 59
99 100 59
59 100 60
100 101 60
60 101 61
101 102 61
61 102 62
102 103 62
62 103 63
103 104 63
63 104 64
104 105 64
64 105 65
105 106 65
65 106 66
106 107 66
66 107 67
107 108 67
67 108 68
108 109 68
68 109 69
109 110 69
69 110 70
110 111 70
70 111 71
111 112 71
71 112 72
112 113 72
72 113 73
113 114 73
73 114 74
114 115 74
74 115 75
115 116 75
75 116 76
116 117 76
76 117 77
117 118 77
77 118 78
118 119 78
78 119 79
119 120 79
79 120 80
120 121 80
80 121 81
121 122 81
82 123 83
123 124 83
83 124 84
124 125 84
84 125 85
125 126 85
85 126 86
126 127 86
86 127 87
127 128 87
87 128 88
128 129 88
88 129 89
129 130 89
89 130 90
130 131 90
90 131 91
131 132 91
91 132 92
132 133 92
92 133 93
133 134 93
93 134 94
134 135 94
94 135 95
135 136 95
95 136 96
136 137 96
96 137 97
137 138 97
97 138 98
138 139 98
98 139 99
139 140 99
99 140 100
140 141 100
100 141 101
141 142 101
101 142 102
142 143 102
102 143 103
143 144 103
103 144 104
144 145 104
104 145 105
145 146 105
105 146 106
146 147 106
106 147 107
147 148 107
107 148 108
148 149 108
108 149 109
149 150 109
109 150 110
150 151 110
110 151 111
151 152 111
111 152 112
152 153 112
112 153 113
153 154 113
113 154 114
154 155 114
114 155 115
155 156 115
115 156 116
156 157 116
116 157 117
157 158 117
117 158 118
158 159 118
118 159 119
159 160 119
119 160 120
160 161 120
120 161 121
161 162 121
121 162 122
162 163 122
123 164 124
164 165 124
124 165 125
165 166 125
125 166 126
166 167 126
126 167 127
167 168 127
127 168 128
168 169 128
128 169 129
169 170 129
129 170 130
170 171 130
130 171 131
171 172 131
131 172 132
172 173 132
132 173 133
173 174 133
133 174 134
174 175 134
134 175 135
175 176 135
135 176 136
176 177 136
136 177 137
177 178 137
137 178 138
178 179 138
138 179 139
179 180 139
139 180 140
180 181 140
140 181 141
181 182 141
141 182 142
182 183 142
142 183 143
183 184 143
143 184 144
184 185 144
144 185 145
185 186 145
145 186 146
186 187 146
146 187 147
187 188 147
147 188 148
188 189 148
148 189 149
189 190 149
149 190 150
190 191 150
150 191 151
191 192 151
151 192 152
192 193 152
152 193 153
193 194 153
153 194 154
194 195 154
154 195 155
195 196 155
155 196 156
196 197 156
156 197 157
197 198 157
157 198 158
198 199 158
158 199 159
199 200 159
159 200 160
200 201 160
160 201 161
201 202 161
161 202 162
202 203 162
162 203 163
203 204 163
164 205 165
205 206 165
165 206 166
206 207 166
166 207 167
207 208 167
167 208 168
208 209 168
168 209 169
209 210 169
169 210 170
210 211 170
170 211 171
211 212 171
171 212 172
212 213 172
172 213 173
213 214 173
173 214 174
214 215 174
174 215 175
215 216 175
175 216 176
216 217 176
176 217 177
217 218 177
177 218 178
218 219 178
178 219 179
219 220 179
179 220 180
220 221 180
180 221 181
221 222 181
181 222 182
222 223 182
182 223 183
223 224 183
183 224 184
224 225 184
184 225 185
225 226 185
185 226 186
226 227 186
186 227 187
227 228 187
187 228 188
228 229 188
188 229 189
229 230 189
189 230 190
230 231 190
190 231 191
231 232 191
191 232 192
232 233 192
192 233 193
233 234 193
193 234 194
234 235 194
194 235 195
235 236 195
195 236 196
236 237 196
196 237 197
237 238 197
197 238 198
238 239 198
198 239 199
239 240 199
199 240 200
240 241 200
200 241 201
241 242 201
201 242 202
242 243 202
202 243 203
243 244 203
203 244 204
244 245 204
205 246 206
246 247 206
206 247 207
247 248 207
207 248 208
248 249 208
208 249 209
249 250 209
209 250 210
250 251 210
210 251 211
251 252 211
211 252 212
252 253 212
212 253 213
253 254 213
213 254 214
254 255 214
214 255 215
255 256 215
215 256 216
256 257 216
216 257 217
257 258 217
217 258 218
258 259 218
218 259 219
259 260 219
219 260 220
260 261 220
220 261 221
261 262 221
221 262 222
262 263 222
222 263 223
263 264 223
223 264 224
264 265 224
224 265 225
265 266 225
225 266 226
266 267 226
226 267 227
267 268 227
227 268 228
268 269 228
228 269 229
269 270 229
229 270 230
270 271 230
230 271 231
271 272 231
231 272 232
272 273 232
232 273 233
273 274 233
233 274 234
274 275 234
234 275 235
275 276 235
235 276 236
276 277 236
236 277 237
277 278 237
237 278 238
278 279 238
238 279 239
279 280 239
239 280 240
280 281 240
240 281 241
281 282 241
241 282 242
282 283 242
242 283 243
283 284 243
243 284 244
284 285 244
244 285 245
285 286 245
246 287 247
287 288 247
247 288 248
288 289 248
248 289 249
289 290 249
249 290 250
290 291 250
250 291 251
291 292 251
251 292 252
292 293 252
252 293 253
293 294 253
253 294 254
294 295 254
254 295 255
295 296 255
255 296 256
296 297 256
256 297 257
297 298 257
257 298 258
298 299 258
258 299 259
299 300 259
259 300 260
300 301 260
260 301 261
301 302 261
261 302 262
302 303 262
262 303 263
303 304 263
263 304 264
304 305 264
264 305 265
305 306 265
265 306 266
306 307 266
266 307 267
307 308 267
267 308 268
308 309 268
268 309 269
309 310 269
269 310 270
310 311 270
270 311 271
311 312 271
271 312 272
312 313 272
272 313 273
313 314 273
273 314 274
314 315 274
274 315 275
315 316 275
275 316 276
316 317 276
276 317 277
317 318 277
277 318 278
318 319 278
278 319 279
319 320 279
279 320 280
320 321 280
280 321 281
321 322 281
281 322 282
322 323 282
282 323 283
323 324 283
283 324 284
324 325 284
284 325 285
325 326 285
285 326 286
326 327 286
287 328 288
328 329 288
288 329 289
329 330 289
289 330 290
330 331 290
290 331 291
331 332 291
291 332 292
332 333 292
292 333 293
333 334 293
293 334 294
334 335 294
294 335 295
335 336 295
295 336 296
336 337 296
296 337 297
337 338 297
297 338 298
338 339 298
298 339 299
339 340 299
299 340 300
340 341 300
300 341 301
341 342 301
301 342 302
342 343 302
302 343 303
343 344 303
303 344 304
344 345 304
304 345 305
345 346 305
305 346 306
346 347 306
306 347 307
347 348 307
307 348 308
348 349 308
308 349 309
349 350 309
309 350 310
350 351 310
310 351 311
351 352 311
311 352 312
352 353 312
312 353 313
353 354 313
313 354 314
354 355 314
314 355 315
355 356 315
315 356 316
356 357 316
316 357 317
357 358 317
317 358 318
358 359 318
318 359 319
359 360 319
319 360 320
360 361 320
320 361 321
361 362 321
321 362 322
362 363 322
322 363 323
363 364 323
323 364 324
364 365 324
324 365 325
365 366 325
325 366 326
366 367 326
326 367 327
367 368 327
328 369 329
369 370 329
329 370 330
370 371 330
330 371 331
371 372 331
331 372 332
372 373 332
332 373 333
373 374 333
333 374 334
374 375 334
334 375 335
375 376 335
335 376 336
376 377 336
336 377 337
377 378 337
337 378 338
378 379 338
338 379 339
379 380 339
339 380 340
380 381 340
340 381 341
381 382 341
341 382 342
382 383 342
342 383 343
383 384 343
343 384 344
384 385 344
344 385 345
385 386 345
345 386 346
386 387 346
346 387 347
387 388 347
347 388 348
388 389 348
348 389 349
389 390 349
349 390 350
390 391 350
350 391 351
391 392 351
351 392 352
392 393 352
352 393 353
393 394 353
353 394 354
394 395 354
354 395 355
395 396 355
355 396 356
396 397 356
356 397 357
397 398 357
357 398 358
398 399 358
358 399 359
399 400 359
359 400 360
400 401 360
360 401 361
401 402 361
361 402 362
402 403 362
362 403 363
403 404 363
363 404 364
404 405 364
364 405 365
405 406 365
365 406 366
406 407 366
366 407 367
407 408 367
367 408 368
408 409 368
369 410 370
410 411 370
370 411 371
411 412 371
371 412 372
412 413 372
372 413 373
413 414 373
373 414 374
414 415 374
374 415 375
415 416 375
375 416 376
416 417 376
376 417 377
417 418 377
377 418 378
418 419 378
378 419 379
419 420 379
379 420 380
420 421 380
380 421 381
421 422 381
381 422 382
422 423 382
382 423 383
423 424 383
383 424 384
424 425 384
384 425 385
425 426 385
385 426 386
426 427 386
386 427 387
427 428 387
387 428 388
428 429 388
388 429 389
429 430 389
389 430 390
430 431 390
390 431 391
431 432 391
391 432 392
432 433 392
392 433 393
433 434 393
393 434 394
434 435 394
394 435 395
435 436 395
395 436 396
436 437 396
396 437 397
437 438 397
397 438 398
438 439 398
398 439 399
439 440 399
399 440 400
440 441 400
400 441 401
441 442 401
401 442 402
442 443 402
402 443 403
443 444 403
403 444 404
444 445 404
404 445 405
445 446 405
405 446 406
446 447 406
406 447 407
447 448 407
407 448 408
448 449 408
408 449 409
449 450 409
410 451 411
451 452 411
411 452 412
452 453 412
412 453 413
453 454 413
413 454 414
454 455 414
414 455 415
455 456 415
415 456 416
456 457 416
416 457 417
457 458 417
417 458 418
458 459 418
418 459 419
459 460 419
419 460 420
460 461 420
420 461 421
461 462 421
421 462 422
462 463 422
422 463 423
463 464 423
423 464 424
464 465 424
424 465 425
465 466 425
425 466 426
466 467 426
426 467 427
467 468 427
427 468 428
468 469 428
428 469 429
469 470 429
429 470 430
470 471 430
430 471 431
471 472 431
431 472 432
472 473 432
432 473 433
473 474 433
433 474 434
474 475 434
434 475 435
475 476 435
435 476 436
476 477 436
436 477 437
477 478 437
437 478 438
478 479 438
438 479 439
479 480 439
439 480 440
480 481 440
440 481 441
481 482 441
441 482 442
482 483 442
442 483 443
483 484 443
443 484 444
484 485 444
444 485 445
485 486 445
445 486 446
486 487 446
446 487 447
487 488 447
447 488 448
488 489 448
448 489 449
489 490 449
449 490 450
490 491 450
451 492 452
492 493 452
452 493 453
493 494 453
453 494 454
494 495 454
454 495 455
495 496 455
455 496 456
496 497 456
456 497 457
497 498 457
457 498 458
498 499 458
458 499 459
499 500 459
459 500 460
500 501 460
460 501 461
501 502 461
461 502 462
502 503 462
462 503 463
503 504 463
463 504 464
504 505 464
464 505 465
505 506 465
465 506 466
506 507 466
466 507 467
507 508 467
467 508 468
508 509 468
468 509 469
509 510 469
469 510 470
510 511 470
470 511 471
511 512 471
471 512 472
512 513 472
472 513 473
513 514 473
473 514 474
514 515 474
474 515 475
515 516 475
475 516 476
516 517 476
476 517 477
517 518 477
477 518 478
518 519 478
478 519 479
519 520 479
479 520 480
520 521 480
480 521 481
521 522 481
481 522 482
522 523 482
482 523 483
523 524 483
483 524 484
524 525 484
484 525 485
525 526 485
485 526 486
526 527 486
486 527 487
527 528 487
487 528 488
528 529 488
488 529 489
529 530 489
489 530 490
530 531 490
490 531 491
531 532 491
492 533 493
533 534 493
493 534 494
534 535 494
494 535 495
535 536 495
495 536 496
536 537 496
496 537 497
537 538 497
497 538 498
538 539 498
498 539 499
539 540 499
499 540 500
540 541 500
500 541 501
541 542 501
501 542 502
542 543 502
502 543 503
543 544 503
503 544 504
544 545 504
504 545 505
545 546 505
505 546 506
546 547 506
506 547 507
547 548 507
507 548 508
548 549 508
508 549 509
549 550 509
509 550 510
550 551 510
510 551 511
551 552 511
511 552 512
552 553 512
512 553 513
553 554 513
513 554 514
554 555 514
514 555 515
555 556 515
515 556 516
556 557 516
516 557 517
557 558 517
517 558 518
558 559 518
518 559 519
559 560 519
519 560 520
560 561 520
520 561 521
561 562 521
521 562 522
562 563 522
522 563 523
563 564 523
523 564 524
564 565 524
524 565 525
565 566 525
525 566 526
566 567 526
526 567 527
567 568 527
527 568 528
568 569 528
528 569 529
569 570 529
529 570 530
570 571 530
530 571 531
571 572 531
531 572 532
572 573 532
533 574 534
574 575 534
534 575 535
575 576 535
535 576 536
576 577 536
536 577 537
577 578 537
537 578 538
578 579 538
538 579 539
579 580 539
539 580 540
580 581 540
540 581 541
581 582 541
541 582 542
582 583 542
542 583 543
583 584 543
543 584 544
584 585 544
544 585 545
585 586 545
545 586 546
586 587 546
546 587 547
587 588 547
547 588 548
588 589 548
548 589 549
589 590 549
549 590 550
590 591 550
550 591 551
591 592 551
551 592 552
592 593 552
552 593 553
593 594 553
553 594 554
594 595 554
554 595 555
595 596 555
555 596 556
596 597 556
556 597 557
597 598 557
557 598 558
598 599 558
558 599 559
599 600 559
559 600 560
600 601 560
560 601 561
601 602 561
561 602 562
602 603 562
562 603 563
603 604 563
563 604 564
604 605 564
564 605 565
605 606 565
565 606 566
606 607 566
566 607 567
607 608 567
567 608 568
608 609 568
568 609 569
609 610 569
569 610 570
610 611 570
570 611 571
611 612 571
571 612 572
612 613 572
572 613 573
613 614 573
574 615 575
615 616 575
575 616 576
616 617 576
576 617 577
617 618 577
577 618 578
618 619 578
578 619 579
619 620 579
579 620 580
620 621 580
580 621 581
621 622 581
581 622 582
622 623 582
582 623 583
623 624 583
583 624 584
624 625 584
584 625 585
625 626 585
585 626 586
626 627 586
586 627 587
627 628 587
587 628 588
628 629 588
588 629 589
629 630 589
589 630 590
630 631 590
590 631 591
631 632 591
591 632 592
632 633 592
592 633 593
633 634 593
593 634 594
634 635 594
594 635 595
635 636 595
595 636 596
636 637 596
596 637 597
637 638 597
597 638 598
638 639 598
598 639 599
639 640 599
599 640 600
640 641 600
600 641 601
641 642 601
601 642 602
642 643 602
602 643 603
643 644 603
603 644 604
644 645 604
604 645 605
645 646 605
605 646 606
646 647 606
606 647 607
647 648 607
607 648 608
648 649 608
608 649 609
649 650 609
609 650 610
650 651 610
610 651 611
651 652 611
611 652 612
652 653 612
612 653 613
653 654 613
613 654 614
654 655 614
615 656 616
656 657 616
616 657 617
657 658 617
617 658 618
658 659 618
618 659 619
659 660 619
619 660 620
660 661 620
620 661 621
661 662 621
621 662 622
662 663 622
622 663 623
663 664 623
623 664 624
664 665 624
624 665 625
665 666 625
625 666 626
666 667 626
626 667 627
667 668 627
627 668 628
668 669 628
628 669 629
669 670 629
629 670 630
670 671 630
630 671 631
671 672 631
631 672 632
672 673 632
632 673 633
673 674 633
633 674 634
674 675 634
634 675 635
675 676 635
635 676 636
676 677 636
636 677 637
677 678 637
637 678 638
678 679 638
638 679 639
679 680 639
639 680 640
680 681 640
640 681 641
681 682 641
641 682 642
682 683 642
642 683 643
683 684 643
643 684 644
684 685 644
644 685 645
685 686 645
645 686 646
686 687 646
646 687 647
687 688 647
647 688 648
688 689 648
648 689 649
689 690 649
649 690 650
690 691 650
650 691 651
691 692 651
651 692 652
692 693 652
652 693 653
693 694 653
653 694 654
694 695 654
654 695 655
695 696 655
656 697 657
697 698 657
657 698 658
698 699 658
658 699 659
699 700 659
659 700 660
700 701 660
660 701 661
701 702 661
661 702 662
702 703 662
662 703 663
703 704 663
663 704 664
704 705 664
664 705 665
705 706 665
665 706 666
706 707 666
666 707 667
707 708 667
667 708 668
708 709 668
668 709 669
709 710 669
669 710 670
710 711 670
670 711 671
711 712 671
671 712 672
712 713 672
672 713 673
713 714 673
673 714 674
714 715 674
674 715 675
715 716 675
675 716 676
716 717 676
676 717 677
717 718 677
677 718 678
718 719 678
678 719 679
719 720 679
679 720 680
720 721 680
680 721 681
721 722 681
681 722 682
722 723 682
682 723 683
723 724 683
683 724 684
724 725 684
684 725 685
725 726 685
685 726 686
726 727 686
686 727 687
727 728 687
687 728 688
728 729 688
688 729 689
729 730 689
689 730 690
730 731 690
690 731 691
731 732 691
691 732 692
732 733 692
692 733 693
733 734 693
693 734 694
734 735 694
694 735 695
735 736 695
695 736 696
736 737 696
697 738 698
738 739 698
698 739 699
739 740 699
699 740 700
740 741 700
700 741 701
741 742 701
701 742 702
742 743 702
702 743 703
743 744 703
703 744 704
744 745 704
704 745 705
745 746 705
705 746 706
746 747 706
706 747 707
747 748 707
707 748 708
748 749 708
708 749 709
749 750 709
709 750 710
750 751 710
710 751 711
751 752 711
711 752 712
752 753 712
712 753 713
753 754 713
713 754 714
754 755 714
714 755 715
755 756 715
715 756 716
756 757 716
716 757 717
757 758 717
717 758 718
758 759 718
718 759 719
759 760 719
719 760 720
760 761 720
720 761 721
761 762 721
721 762 722
762 763 722
722 763 723
763 764 723
723 764 724
764 765 724
724 765 725
765 766 725
725 766 726
766 767 726
726 767 727
767 768 727
727 768 728
768 769 728
728 769 729
769 770 729
729 770 730
770 771 730
730 771 731
771 772 731
731 772 732
772 773 732
732 773 733
773 774 733
733 774 734
774 775 734
734 775 735
775 776 735
735 776 736
776 777 736
736 777 737
777 778 737
738 779 739
779 780 739
739 780 740
780 781 740
740 781 741
781 782 741
741 782 742
782 783 742
742 783 743
783 784 743
743 784 744
784 785 744
744 785 745
785 786 745
745 786 746
786 787 746
746 787 747
787 788 747
747 788 748
788 789 748
748 789 749
789 790 749
749 790 750
790 791 750
750 791 751
791 792 751
751 792 752
792 793 752
752 793 753
793 794 753
753 794 754
794 795 754
754 795 755
795 796 755
755 796 756
796 797 756
756 797 757
797 798 757
757 798 758
798 799 758
758 799 759
799 800 759
759 800 760
800 801 760
760 801 761
801 802 761
761 802 762
802 803 762
762 803 763
803 804 763
763 804 764
804 805 764
764 805 765
805 806 765
765 806 766
806 807 766
766 807 767
807 808 767
767 808 768
808 809 768
768 809 769
809 810 769
769 810 770
810 811 770
770 811 771
811 812 771
771 812 772
812 813 772
772 813 773
813 814 773
773 814 774
814 815 774
774 815 775
815 816 775
775 816 776
816 817 776
776 817 777
817 818 777
777 818 778
818 819 778
779 820 780
820 821 780
780 821 781
821 822 781
781 822 782
822 823 782
782 823 783
823 824 783
783 824 784
824 825 784
784 825 785
825 826 785
785 826 786
826 827 786
786 827 787
827 828 787
787 828 788
828 829 788
788 829 789
829 830 789
789 830 790
830 831 790
790 831 791
831 832 791
791 832 792
832 833 792
792 833 793
833 834 793
793 834 794
834 835 794
794 835 795
835 836 795
795 836 796
836 837 796
796 837 797
837 838 797
797 838 798
838 839 798
798 839 799
839 840 799
799 840 800
840 841 800
800 841 801
841 842 801
801 842 802
842 843 802
802 843 803
843 844 803
803 844 804
844 845 804
804 845 805
845 846 805
805 846 806
846 847 806
806 847 807
847 848 807
807 848 808
848 849 808
808 849 809
849 850 809
809 850 810
850 851 810
810 851 811
851 852 811
811 852 812
852 853 812
812 853 813
853 854 813
813 854 814
854 855 814
814 855 815
855 856 815
815 856 816
856 857 816
816 857 817
857 858 817
817 858 818
858 859 818
818 859 819
859 860 819
820 861 821
861 862 821
821 862 822
862 863 822
822 863 823
863 864 823
823 864 824
864 865 824
824 865 825
865 866 825
825 866 826
866 867 826
826 867 827
867 868 827
827 868 828
868 869 828
828 869 829
869 870 829
829 870 830
870 871 830
830 871 831
871 872 831
831 872 832
872 873 832
832 873 833
873 874 833
833 874 834
874 875 834
834 875 835
875 876 835
835 876 836
876 877 836
836 877 837
877 878 837
837 878 838
878 879 838
838 879 839
879 880 839
839 880 840
880 881 840
840 881 841
881 882 841
841 882 842
882 883 842
842 883 843
883 884 843
843 884 844
884 885 844
844 885 845
885 886 845
845 886 846
886 887 846
846 887 847
887 888 847
847 888 848
888 889 848
848 889 849
889 890 849
849 890 850
890 891 850
850 891 851
891 892 851
851 892 852
892 893 852
852 893 853
893 894 853
853 894 854
894 895 854
854 895 855
895 896 855
855 896 856
896 897 856
856 897 857
897 898 857
857 898 858
898 899 858
858 899 859
899 900 859
859 900 860
900 901 860
861 902 862
902 903 862
862 903 863
903 904 863
863 904 864
904 905 864
864 905 865
905 906 865
865 906 866
906 907 866
866 907 867
907 908 867
867 908 868
908 909 868
868 909 869
909 910 869
869 910 870
910 911 870
870 911 871
911 912 871
871 912 872
912 913 872
872 913 873
913 914 873
873 914 874
914 915 874
874 915 875
915 916 875
875 916 876
916 917 876
876 917 877
917 918 877
877 918 878
918 919 878
878 919 879
919 920 879
879 920 880
920 921 880
880 921 881
921 922 881
881 922 882
922 923 882
882 923 883
923 924 883
883 924 884
924 925 884
884 925 885
925 926 885
885 926 886
926 927 886
886 927 887
927 928 887
887 928 888
928 929 888
888 929 889
929 930 889
889 930 890
930 931 890
890 931 891
931 932 891
891 932 892
932 933 892
892 933 893
933 934 893
893 934 894
934 935 894
894 935 895
935 936 895
895 936 896
936 937 896
896 937 897
937 938 897
897 938 898
938 939 898
898 939 899
939 940 899
899 940 900
940 941 900
900 941 901
941 942 901
902 943 903
943 944 903
903 944 904
944 945 904
904 945 905
945 946 905
905 946 906
946 947 906
906 947 907
947 948 907
907 948 908
948 949 908
908 949 909
949 950 909
909 950 910
950 951 910
910 951 911
951 952 911
911 952 912
952 953 912
912 953 913
953 954 913
913 954 914
954 955 914
914 955 915
955 956 915
915 956 916
956 957 916
916 957 917
957 958 917
917 958 918
958 959 918
918 959 919
959 960 919
919 960 920
960 961 920
920 961 921
961 962 921
921 962 922
962 963 922
922 963 923
963 964 923
923 964 924
964 965 924
924 965 925
965 966 925
925 966 926
966 967 926
926 967 927
967 968 927
927 968 928
968 969 928
928 969 929
969 970 929
929 970 930
970 971 930
930 971 931
971 972 931
931 972 932
972 973 932
932 973 933
973 974 933
933 974 934
974 975 934
934 975 935
975 976 935
935 976 936
976 977 936
936 977 937
977 978 937
937 978 938
978 979 938
938 979 939
979 980 939
939 980 940
980 981 940
940 981 941
981 982 941
941 982 942
982 983 942
943 984 944
984 985 944
944 985 945
985 986 945
945 986 946
986 987 946
946 987 947
987 988 947
947 988 948
988 989 948
948 989 949
989 990 949
949 990 950
990 991 950
950 991 951
991 992 951
951 992 952
992 993 952
952 993 953
993 994 953
953 994 954
994 995 954
954 995 955
995 996 955
955 996 956
996 997 956
956 997 957
997 998 957
957 998 958
998 999 958
958 999 959
999 1000 959
959 1000 960
1000 1001 960
960 1001 961
1001 1002 961
961 1002 962
1002 1003 962
962 1003 963
1003 1004 963
963 1004 964
1004 1005 964
964 1005 965
1005 1006 965
965 1006 966
1006 1007 966
966 1007 967
1007 1008 967
967 1008 968
1008 1009 968
968 1009 969
1009 1010 969
969 1010 970
1010 1011 970
970 1011 971
1011 1012 971
971 1012 972
1012 1013 972
972 1013 973
1013 1014 973
973 1014 974
1014 1015 974
974 1015 975
1015 1016 975
975 1016 976
1016 1017 976
976 1017 977
1017 1018 977
977 1018 978
1018 1019 978
978 1019 979
1019 1020 979
979 1020 980
1020 1021 980
980 1021 981
1021 1022 981
981 1022 982
1022 1023 982
982 1023 983
1023 1024 983
984 1025 985
1025 1026 985
985 1026 986
1026 1027 986
986 1027 987
1027 1028 987
987 1028 988
1028 1029 988
988 1029 989
1029 1030 989
989 1030 990
1030 1031 990
990 1031 991
1031 1032 991
991 1032 992
1032 1033 992
992 1033 993
1033 1034 993
993 1034 994
1034 1035 994
994 1035 995
1035 1036 995
995 1036 996
1036 1037 996
996 1037 997
1037 1038 997
997 1038 998
1038 1039 998
998 1039 999
1039 1040 999
999 1040 1000
1040 1041 1000
1000 1041 1001
1041 1042 1001
1001 1042 1002
1042 1043 1002
1002 1043 1003
1043 1044 1003
1003 1044 1004
1044 1045 1004
1004 1045 1005
1045 1046 1005
1005 1046 1006
1046 1047 1006
1006 1047 1007
1047 1048 1007
1007 1048 1008
1048 1049 1008
1008 1049 1009
1049 1050 1009
1009 1050 1010
1050 1051 1010
1010 1051 1011
1051 1052 1011
1011 1052 1012
1052 1053 1012
1012 1053 1013
1053 1054 1013
1013 1054 1014
1054 1055 1014
1014 1055 1015
1055 1056 1015
1015 1056 1016
1056 1057 1016
1016 1057 1017
1057 1058 1017
1017 1058 1018
1058 1059 1018
1018 1059 1019
1059 1060 1019
1019 1060 1020
1060 1061 1020
1020 1061 1021
1061 1062 1021
1021 1062 1022
1062 1063 1022
1022 1063 1023
1063 1064 1023
1023 1064 1024
1064 1065 1024
1025 1066 1026
1066 1067 1026
1026 1067 1027
1067 1068 1027
1027 1068 1028
1068 1069 1028
1028 1069 1029
1069 1070 1029
1029 1070 1030
1070 1071 1030
1030 1071 1031
1071 1072 1031
1031 1072 1032
1072 1073 1032
1032 1073 1033
1073 1074 1033
1033 1074 1034
1074 1075 1034
1034 1075 1035
1075 1076 1035
1035 1076 1036
1076 1077 1036
1036 1077 1037
1077 1078 1037
1037 1078 1038
1078 1079 1038
1038 1079 1039
1079 1080 1039
1039 1080 1040
1080 1081 1040
1040 1081 1041
1081 1082 1041
1041 1082 1042
1082 1083 1042
1042 1083 1043
1083 1084 1043
1043 1084 1044
1084 1085 1044
1044 1085 1045
1085 1086 1045
1045 1086 1046
1086 1087 1046
1046 1087 1047
1087 1088 1047
1047 1088 1048
1088 1089 1048
1048 1089 1049
1089 1090 1049
1049 1090 1050
1090 1091 1050
1050 1091 1051
1091 1092 1051
1051 1092 1052
1092 1093 1052
1052 1093 1053
1093 1094 1053
1053 1094 1054
1094 1095 1054
1054 1095 1055
1095 1096 1055
1055 1096 1056
1096 1097 1056
1056 1097 1057
1097 1098 1057
1057 1098 1058
1098 1099 1058
1058 1099 1059
1099 1100 1059
1059 1100 1060
1100 1101 1060
1060 1101 1061
1101 1102 1061
1061 1102 1062
1102 1103 1062
1062 1103 1063
1103 1104 1063
1063 1104 1064
1104 1105 1064
1064 1105 1065
1105 1106 1065
1066 1107 1067
1107 1108 1067
1067 1108 1068
1108 1109 1068
1068 1109 1069
1109 1110 1069
1069 1110 1070
1110 1111 1070
1070 1111 1071
1111 1112 1071
1071 1112 1072
1112 1113 1072
1072 1113 1073
1113 1114 1073
1073 1114 1074
1114 1115 1074
1074 1115 1075
1115 1116 1075
1075 1116 1076
1116 1117 1076
1076 1117 1077
1117 1118 1077
1077 1118 1078
1118 1119 1078
1078 1119 1079
1119 1120 1079
1079 1120 1080
1120 1121 1080
1080 1121 1081
1121 1122 1081
1081 1122 1082
1122 1123 1082
1082 1123 1083
1123 1124 1083
1083 1124 1084
1124 1125 1084
1084 1125 1085
1125 1126 1085
1085 1126 1086
1126 1127 1086
1086 1127 1087
1127 1128 1087
1087 1128 1088
1128 1129 1088
1088 1129 1089
1129 1130 1089
1089 1130 1090
1130 1131 1090
1090 1131 1091
1131 1132 1091
1091 1132 1092
1132 1133 1092
1092 1133 1093
1133 1134 1093
1093 1134 1094
1134 1135 1094
1094 1135 1095
1135 1136 1095
1095 1136 1096
1136 1137 1096
1096 1137 1097
1137 1138 1097
1097 1138 1098
1138 1139 1098
1098 1139 1099
1139 1140 1099
1099 1140 1100
1140 1141 1100
1100 1141 1101
1141 1142 1101
1101 1142 1102
1142 1143 1102
1102 1143 1103
1143 1144 1103
1103 1144 1104
1144 1145 1104
1104 1145 1105
1145 1146 1105
1105 1146 1106
1146 1147 1106
1107 1148 1108
1148 1149 1108
1108 1149 1109
1149 1150 1109
1109 1150 1110
1150 1151 1110
1110 1151 1111
1151 1152 1111
1111 1152 1112
1152 1153 1112
1112 1153 1113
1153 1154 1113
1113 1154 1114
1154 1155 1114
1114 1155 1115
1155 1156 1115
1115 1156 1116
1156 1157 1116
1116 1157 1117
1157 1158 1117
1117 1158 1118
1158 1159 1118
1118 1159 1119
1159 1160 1119
1119 1160 1120
1160 1161 1120
1120 1161 1121
1161 1162 1121
1121 1162 1122
1162 1163 1122
1122 1163 1123
1163 1164 1123
1123 1164 1124
1164 1165 1124
1124 1165 1125
1165 1166 1125
1125 1166 1126
1166 1167 1126
1126 1167 1127
1167 1168 1127
1127 1168 1128
1168 1169 1128
1128 1169 1129
1169 1170 1129
1129 1170 1130
1170 1171 1130
1130 1171 1131
1171 1172 1131
1131 1172 1132
1172 1173 1132
1132 1173 1133
1173 1174 1133
1133 1174 1134
1174 1175 1134
1134 1175 1135
1175 1176 1135
1135 1176 1136
1176 1177 1136
1136 1177 1137
1177 1178 1137
1137 1178 1138
1178 1179 1138
1138 1179 1139
1179 1180 1139
1139 1180 1140
1180 1181 1140
1140 1181 1141
1181 1182 1141
1141 1182 1142
1182 1183 1142
1142 1183 1143
1183 1184 1143
1143 1184 1144
1184 1185 1144
1144 1185 1145
1185 1186 1145
1145 1186 1146
1186 1187 1146
1146 1187 1147
1187 1188 1147
1148 1189 1149
1189 1190 1149
1149 1190 1150
1190 1191 1150
1150 1191 1151
1191 1192 1151
1151 1192 1152
1192 1193 1152
1152 1193 1153
1193 1194 1153
1153 1194 1154
1194 1195 1154
1154 1195 1155
1195 1196 1155
1155 1196 1156
1196 1197 1156
1156 1197 1157
1197 1198 1157
1157 1198 1158
1198 1199 1158
1158 1199 1159
1199 1200 1159
1159 1200 1160
1200 1201 1160
1160 1201 1161
1201 1202 1161
1161 1202 1162
1202 1203 1162
1162 1203 1163
1203 1204 1163
1163 1204 1164
1204 1205 1164
1164 1205 1165
1205 1206 1165
1165 1206 1166
1206 1207 1166
1166 1207 1167
1207 1208 1167
1167 1208 1168
1208 1209 1168
1168 1209 1169
1209 1210 1169
1169 1210 1170
1210 1211 1170
1170 1211 1171
1211 1212 1171
1171 1212 1172
1212 1213 1172
1172 1213 1173
1213 1214 1173
1173 1214 1174
1214 1215 1174
1174 1215 1175
1215 1216 1175
1175 1216 1176
1216 1217 1176
1176 1217 1177
1217 1218 1177
1177 1218 1178
1218 1219 1178
1178 1219 1179
1219 1220 1179
1179 1220 1180
1220 1221 1180
1180 1221 1181
1221 1222 1181
1181 1222 1182
1222 1223 1182
1182 1223 1183
1223 1224 1183
1183 1224 1184
1224 1225 1184
1184 1225 1185
1225 1226 1185
1185 1226 1186
1226 1227 1186
1186 1227 1187
1227 1228 1187
1187 1228 1188
1228 1229 1188
1189 1230 1190
1230 1231 1190
1190 1231 1191
1231 1232 1191
1191 1232 1192
1232 1233 1192
1192 1233 1193
1233 1234 1193
1193 1234 1194
1234 1235 1194
1194 1235 1195
1235 1236 1195
1195 1236 1196
1236 1237 1196
1196 1237 1197
1237 1238 1197
1197 1238 1198
1238 1239 1198
1198 1239 1199
1239 1240 1199
1199 1240 1200
1240 1241 1200
1200 1241 1201
1241 1242 1201
1201 1242 1202
1242 1243 1202
1202 1243 1203
1243 1244 1203
1203 1244 1204
1244 1245 1204
1204 1245 1205
1245 1246 1205
1205 1246 1206
1246 1247 1206
1206 1247 1207
1247 1248 1207
1207 1248 1208
1248 1249 1208
1208 1249 1209
1249 1250 1209
1209 1250 1210
1250 1251 1210
1210 1251 1211
1251 1252 1211
1211 1252 1212
1252 1253 1212
1212 1253 1213
1253 1254 1213
1213 1254 1214
1254 1255 1214
1214 1255 1215
1255 1256 1215
1215 1256 1216
1256 1257 1216
1216 1257 1217
1257 1258 1217
1217 1258 1218
1258 1259 1218
1218 1259 1219
1259 1260 1219
1219 1260 1220
1260 1261 1220
1220 1261 1221
1261 1262 1221
1221 1262 1222
1262 1263 1222
1222 1263 1223
1263 1264 1223
1223 1264 1224
1264 1265 1224
1224 1265 1225
1265 1266 1225
1225 1266 1226
1266 1267 1226
1226 1267 1227
1267 1268 1227
1227 1268 1228
1268 1269 1228
1228 1269 1229
1269 1270 1229
1230 1271 1231
1271 1272 1231
1231 1272 1232
1272 1273 1232
1232 1273 1233
1273 1274 1233
1233 1274 1234
1274 1275 1234
1234 1275 1235
1275 1276 1235
1235 1276 1236
1276 1277 1236
1236 1277 1237
1277 1278 1237
1237 1278 1238
1278 1279 1238
1238 1279 1239
1279 1280 1239
1239 1280 1240
1280 1281 1240
1240 1281 1241
1281 1282 1241
1241 1282 1242
1282 1283 1242
1242 1283 1243
1283 1284 1243
1243 1284 1244
1284 1285 1244
1244 1285 1245
1285 1286 1245
1245 1286 1246
1286 1287 1246
1246 1287 1247
1287 1288 1247
1247 1288 1248
1288 1289 1248
1248 1289 1249
1289 1290 1249
1249 1290 1250
1290 1291 1250
1250 1291 1251
1291 1292 1251
1251 1292 1252
1292 1293 1252
1252 1293 1253
1293 1294 1253
1253 1294 1254
1294 1295 1254
1254 1295 1255
1295 1296 1255
1255 1296 1256
1296 1297 1256
1256 1297 1257
1297 1298 1257
1257 1298 1258
1298 1299 1258
1258 1299 1259
1299 1300 1259
1259 1300 1260
1300 1301 1260
1260 1301 1261
1301 1302 1261
1261 1302 1262
1302 1303 1262
1262 1303 1263
1303 1304 1263
1263 1304 1264
1304 1305 1264
1264 1305 1265
1305 1306 1265
1265 1306 1266
1306 1307 1266
1266 1307 1267
1307 1308 1267
1267 1308 1268
1308 1309 1268
1268 1309 1269
1309 1310 1269
1269 1310 1270
1310 1311 1270
1271 1312 1272
1312 1313 1272
1272 1313 1273
1313 1314 1273
1273 1314 1274
1314 1315 1274
1274 1315 1275
1315 1316 1275
1275 1316 1276
1316 1317 1276
1276 1317 1277
1317 1318 1277
1277 1318 1278
1318 1319 1278
1278 1319 1279
1319 1320 1279
1279 1320 1280
1320 1321 1280
1280 1321 1281
1321 1322 1281
1281 1322 1282
1322 1323 1282
1282 1323 1283
1323 1324 1283
1283 1324 1284
1324 1325 1284
1284 1325 1285
1325 1326 1285
1285 1326 1286
1326 1327 1286
1286 1327 1287
1327 1328 1287
1287 1328 1288
1328 1329 1288
1288 1329 1289
1329 1330 1289
1289 1330 1290
1330 1331 1290
1290 1331 1291
1331 1332 1291
1291 1332 1292
1332 1333 1292
1292 1333 1293
1333 1334 1293
1293 1334 1294
1334 1335 1294
1294 1335 1295
1335 1336 1295
1295 1336 1296
1336 1337 1296
1296 1337 1297
1337 1338 1297
1297 1338 1298
1338 1339 1298
1298 1339 1299
1339 1340 1299
1299 1340 1300
1340 1341 1300
1300 1341 1301
1341 1342 1301
1301 1342 1302
1342 1343 1302
1302 1343 1303
1343 1344 1303
1303 1344 1304
1344 1345 1304
1304 1345 1305
1345 1346 1305
1305 1346 1306
1346 1347 1306
1306 1347 1307
1347 1348 1307
1307 1348 1308
1348 1349 1308
1308 1349 1309
1349 1350 1309
1309 1350 1310
1350 1351 1310
1310 1351 1311
1351 1352 1311
1312 1353 1313
1353 1354 1313
1313 1354 1314
1354 1355 1314
1314 1355 1315
1355 1356 1315
1315 1356 1316
1356 1357 1316
1316 1357 1317
1357 1358 1317
1317 1358 1318
1358 1359 1318
1318 1359 1319
1359 1360 1319
1319 1360 1320
1360 1361 1320
1320 1361 1321
1361 1362 1321
1321 1362 1322
1362 1363 1322
1322 1363 1323
1363 1364 1323
1323 1364 1324
1364 1365 1324
1324 1365 1325
1365 1366 1325
1325 1366 1326
1366 1367 1326
1326 1367 1327
1367 1368 1327
1327 1368 1328
1368 1369 1328
1328 1369 1329
1369 1370 1329
1329 1370 1330
1370 1371 1330
1330 1371 1331
1371 1372 1331
1331 1372 1332
1372 1373 1332
1332 1373 1333
1373 1374 1333
1333 1374 1334
1374 1375 1334
1334 1375 1335
1375 1376 1335
1335 1376 1336
1376 1377 1336
1336 1377 1337
1377 1378 1337
1337 1378 1338
1378 1379 1338
1338 1379 1339
1379 1380 1339
1339 1380 1340
1380 1381 1340
1340 1381 1341
1381 1382 1341
1341 1382 1342
1382 1383 1342
1342 1383 1343
1383 1384 1343
1343 1384 1344
1384 1385 1344
1344 1385 1345
1385 1386 1345
1345 1386 1346
1386 1387 1346
1346 1387 1347
1387 1388 1347
1347 1388 1348
1388 1389 1348
1348 1389 1349
1389 1390 1349
1349 1390 1350
1390 1391 1350
1350 1391 1351
1391 1392 1351
1351 1392 1352
1392 1393 1352
1353 1394 1354
1394 1395 1354
1354 1395 1355
1395 1396 1355
1355 1396 1356
1396 1397 1356
1356 1397 1357
1397 1398 1357
1357 1398 1358
1398 1399 1358
1358 1399 1359
1399 1400 1359
1359 1400 1360
1400 1401 1360
1360 1401 1361
1401 1402 1361
1361 1402 1362
1402 1403 1362
1362 1403 1363
1403 1404 1363
1363 1404 1364
1404 1405 1364
1364 1405 1365
1405 1406 1365
1365 1406 1366
1406 1407 1366
1366 1407 1367
1407 1408 1367
1367 1408 1368
1408 1409 1368
1368 1409 1369
1409 1410 1369
1369 1410 1370
1410 1411 1370
1370 1411 1371
1411 1412 1371
1371 1412 1372
1412 1413 1372
1372 1413 1373
1413 1414 1373
1373 1414 1374
1414 1415 1374
1374 1415 1375
1415 1416 1375
1375 1416 1376
1416 1417 1376
1376 1417 1377
1417 1418 1377
1377 1418 1378
1418 1419 1378
1378 1419 1379
1419 1420 1379
1379 1420 1380
1420 1421 1380
1380 1421 1381
1421 1422 1381
1381 1422 1382
1422 1423 1382
1382 1423 1383
1423 1424 1383
1383 1424 1384
1424 1425 1384
1384 1425 1385
1425 1426 1385
1385 1426 1386
1426 1427 1386
1386 1427 1387
1427 1428 1387
1387 1428 1388
1428 1429 1388
1388 1429 1389
1429 1430 1389
1389 1430 1390
1430 1431 1390
1390 1431 1391
1431 1432 1391
1391 1432 1392
1432 1433 1392
1392 1433 1393
1433 1434 1393
1394 1435 1395
1435 1436 1395
1395 1436 1396
1436 1437 1396
1396 1437 1397
1437 1438 1397
1397 1438 1398
1438 1439 1398
1398 1439 1399
1439 1440 1399
1399 1440 1400
1440 1441 1400
1400 1441 1401
1441 1442 1401
1401 1442 1402
1442 1443 1402
1402 1443 1403
1443 1444 1403
1403 1444 1404
1444 1445 1404
1404 1445 1405
1445 1446 1405
1405 1446 1406
1446 1447 1406
1406 1447 1407
1447 1448 1407
1407 1448 1408
1448 1449 1408
1408 1449 1409
1449 1450 1409
1409 1450 1410
1450 1451 1410
1410 1451 1411
1451 1452 1411
1411 1452 1412
1452 1453 1412
1412 1453 1413
1453 1454 1413
1413 1454 1414
1454 1455 1414
1414 1455 1415
1455 1456 1415
1415 1456 1416
1456 1457 1416
1416 1457 1417
1457 1458 1417
1417 1458 1418
1458 1459 1418
1418 1459 1419
1459 1460 1419
1419 1460 1420
1460 1461 1420
1420 1461 1421
1461 1462 1421
1421 1462 1422
1462 1463 1422
1422 1463 1423
1463 1464 1423
1423 1464 1424
1464 1465 1424
1424 1465 1425
1465 1466 1425
1425 1466 1426
1466 1467 1426
1426 1467 1427
1467 1468 1427
1427 1468 1428
1468 1469 1428
1428 1469 1429
1469 1470 1429
1429 1470 1430
1470 1471 1430
1430 1471 1431
1471 1472 1431
1431 1472 1432
1472 1473 1432
1432 1473 1433
1473 1474 1433
1433 1474 1434
1474 1475 1434
1435 1476 1436
1476 1477 1436
1436 1477 1437
1477 1478 1437
1437 1478 1438
1478 1479 1438
1438 1479 1439
1479 1480 1439
1439 1480 1440
1480 1481 1440
1440 1481 1441
1481 1482 1441
1441 1482 1442
1482 1483 1442
1442 1483 1443
1483 1484 1443
1443 1484 1444
1484 1485 1444
1444 1485 1445
1485 1486 1445
1445 1486 1446
1486 1487 1446
1446 1487 1447
1487 1488 1447
1447 1488 1448
1488 1489 1448
1448 1489 1449
1489 1490 1449
1449 1490 1450
1490 1491 1450
1450 1491 1451
1491 1492 1451
1451 1492 1452
1492 1493 1452
1452 1493 1453
1493 1494 1453
1453 1494 1454
1494 1495 1454
1454 1495 1455
1495 1496 1455
1455 1496 1456
1496 1497 1456
1456 1497 1457
1497 1498 1457
1457 1498 1458
1498 1499 1458
1458 1499 1459
1499 1500 1459
1459 1500 1460
1500 1501 1460
1460 1501 1461
1501 1502 1461
1461 1502 1462
1502 1503 1462
1462 1503 1463
1503 1504 1463
1463 1504 1464
1504 1505 1464
1464 1505 1465
1505 1506 1465
1465 1506 1466
1506 1507 1466
1466 1507 1467
1507 1508 1467
1467 1508 1468
1508 1509 1468
1468 1509 1469
1509 1510 1469
1469 1510 1470
1510 1511 1470
1470 1511 1471
1511 1512 1471
1471 1512 1472
1512 1513 1472
1472 1513 1473
1513 1514 1473
1473 1514 1474
1514 1515 1474
1474 1515 1475
1515 1516 1475
1476 1517 1477
1517 1518 1477
1477 1518 1478
1518 1519 1478
1478 1519 1479
1519 1520 1479
1479 1520 1480
1520 1521 1480
1480 1521 1481
1521 1522 1481
1481 1522 1482
1522 1523 1482
1482 1523 1483
1523 1524 1483
1483 1524 1484
1524 1525 1484
1484 1525 1485
1525 1526 1485
1485 1526 1486
1526 1527 1486
1486 1527 1487
1527 1528 1487
1487 1528 1488
1528 1529 1488
1488 1529 1489
1529 1530 1489
1489 1530 1490
1530 1531 1490
1490 1531 1491
1531 1532 1491
1491 1532 1492
1532 1533 1492
1492 1533 1493
1533 1534 1493
1493 1534 1494
1534 1535 1494
1494 1535 1495
1535 1536 1495
1495 1536 1496
1536 1537 1496
1496 1537 1497
1537 1538 1497
1497 1538 1498
1538 1539 1498
1498 1539 1499
1539 1540 1499
1499 1540 1500
1540 1541 1500
1500 1541 1501
1541 1542 1501
1501 1542 1502
1542 1543 1502
1502 1543 1503
1543 1544 1503
1503 1544 1504
1544 1545 1504
1504 1545 1505
1545 1546 1505
1505 1546 1506
1546 1547 1506
1506 1547 1507
1547 1548 1507
1507 1548 1508
1548 1549 1508
1508 1549 1509
1549 1550 1509
1509 1550 1510
1550 1551 1510
1510 1551 1511
1551 1552 1511
1511 1552 1512
1552 1553 1512
1512 1553 1513
1553 1554 1513
1513 1554 1514
1554 1555 1514
1514 1555 1515
1555 1556 1515
1515 1556 1516
1556 1557 1516
1517 1558 1518
1558 1559 1518
1518 1559 1519
1559 1560 1519
1519 1560 1520
1560 1561 1520
1520 1561 1521
1561 1562 1521
1521 1562 1522
1562 1563 1522
1522 1563 1523
1563 1564 1523
1523 1564 1524
1564 1565 1524
1524 1565 1525
1565 1566 1525
1525 1566 1526
1566 1567 1526
1526 1567 1527
1567 1568 1527
1527 1568 1528
1568 1569 1528
1528 1569 1529
1569 1570 1529
1529 1570 1530
1570 1571 1530
1530 1571 1531
1571 1572 1531
1531 1572 1532
1572 1573 1532
1532 1573 1533
1573 1574 1533
1533 1574 1534
1574 1575 1534
1534 1575 1535
1575 1576 1535
1535 1576 1536
1576 1577 1536
1536 1577 1537
1577 1578 1537
1537 1578 1538
1578 1579 1538
1538 1579 1539
1579 1580 1539
1539 1580 1540
1580 1581 1540
1540 1581 1541
1581 1582 1541
1541 1582 1542
1582 1583 1542
1542 1583 1543
1583 1584 1543
1543 1584 1544
1584 1585 1544
1544 1585 1545
1585 1586 1545
1545 1586 1546
1586 1587 1546
1546 1587 1547
1587 1588 1547
1547 1588 1548
1588 1589 1548
1548 1589 1549
1589 1590 1549
1549 1590 1550
1590 1591 1550
1550 1591 1551
1591 1592 1551
1551 1592 1552
1592 1593 1552
1552 1593 1553
1593 1594 1553
1553 1594 1554
1594 1595 1554
1554 1595 1555
1595 1596 1555
1555 1596 1556
1596 1597 1556
1556 1597 1557
1597 1598 1557
1558 1599 1559
1599 1600 1559
1559 1600 1560
1600 1601 1560
1560 1601 1561
1601 1602 1561
1561 1602 1562
1602 1603 1562
1562 1603 1563
1603 1604 1563
1563 1604 1564
1604 1605 1564
1564 1605 1565
1605 1606 1565
1565 1606 1566
1606 1607 1566
1566 1607 1567
1607 1608 1567
1567 1608 1568
1608 1609 1568
1568 1609 1569
1609 1610 1569
1569 1610 1570
1610 1611 1570
1570 1611 1571
1611 1612 1571
1571 1612 1572
1612 1613 1572
1572 1613 1573
1613 1614 1573
1573 1614 1574
1614 1615 1574
1574 1615 1575
1615 1616 1575
1575 1616 1576
1616 1617 1576
1576 1617 1577
1617 1618 1577
1577 1618 1578
1618 1619 1578
1578 1619 1579
1619 1620 1579
1579 1620 1580
1620 1621 1580
1580 1621 1581
1621 1622 1581
1581 1622 1582
1622 1623 1582
1582 1623 1583
1623 1624 1583
1583 1624 1584
1624 1625 1584
1584 1625 1585
1625 1626 1585
1585 1626 1586
1626 1627 1586
1586 1627 1587
1627 1628 1587
1587 1628 1588
1628 1629 1588
1588 1629 1589
1629 1630 1589
1589 1630 1590
1630 1631 1590
1590 1631 1591
1631 1632 1591
1591 1632 1592
1632 1633 1592
1592 1633 1593
1633 1634 1593
1593 1634 1594
1634 1635 1594
1594 1635 1595
1635 1636 1595
1595 1636 1596
1636 1637 1596
1596 1637 1597
1637 1638 1597
1597 1638 1598
1638 1639 1598
1599 1640 1600
1640 1641 1600
1600 1641 1601
1641 1642 1601
1601 1642 1602
1642 1643 1602
1602 1643 1603
1643 1644 1603
1603 1644 1604
1644 1645 1604
1604 1645 1605
1645 1646 1605
1605 1646 1606
1646 1647 1606
1606 1647 1607
1647 1648 1607
1607 1648 1608
1648 1649 1608
1608 1649 1609
1649 1650 1609
1609 1650 1610
1650 1651 1610
1610 1651 1611
1651 1652 1611
1611 1652 1612
1652 1653 1612
1612 1653 1613
1653 1654 1613
1613 1654 1614
1654 1655 1614
1614 1655 1615
1655 1656 1615
1615 1656 1616
1656 1657 1616
1616 1657 1617
1657 1658 1617
1617 1658 1618
1658 1659 1618
1618 1659 1619
1659 1660 1619
1619 1660 1620
1660 1661 1620
1620 1661 1621
1661 1662 1621
1621 1662 1622
1662 1663 1622
1622 1663 1623
1663 1664 1623
1623 1664 1624
1664 1665 1624
1624 1665 1625
1665 1666 1625
1625 1666 1626
1666 1667 1626
1626 1667 1627
1667 1668 1627
1627 1668 1628
1668 1669 1628
1628 1669 1629
1669 1670 1629
1629 1670 1630
1670 1671 1630
1630 1671 1631
1671 1672 1631
1631 1672 1632
1672 1673 1632
1632 1673 1633
1673 1674 1633
1633 1674 1634
1674 1675 1634
1634 1675 1635
1675 1676 1635
1635 1676 1636
1676 1677 1636
1636 1677 1637
1677 1678 1637
1637 1678 1638
1678 1679 1638
1638 1679 1639
1679 1680 1639
