0
1
2
3
4
5
6
7
8
9
10
11
12
13
14
15
16
17
18
19
20
21
22
23
24
25
26
27
28
29
30
31
32
33
34
35
36
37
38
39
40
41
42
47
52
57
62
67
72
77
82
87
92
97
102
107
112
117
122
127
132
137
142
147
152
157
162
167
172
177
182
187
192
197
202
207
212
217
222
227
232
237
238
239
244
249
254
259
264
269
274
279
284
289
294
299
304
309
314
319
324
329
334
339
344
349
354
359
364
369
374
379
384
389
394
399
404
409
414
419
424
429
434
435
436
441
446
451
456
461
466
471
476
481
486
491
496
501
506
511
516
521
526
531
536
541
546
551
556
561
566
571
576
581
586
591
596
601
606
611
616
621
626
631
632
633
638
643
648
653
658
663
668
673
678
683
688
693
698
703
708
713
718
723
728
733
738
743
748
753
758
763
768
773
778
783
788
793
798
803
808
813
818
823
828
829
830
835
840
845
850
855
860
865
870
875
880
885
890
895
900
905
910
915
920
925
930
935
940
945
950
955
960
965
970
975
980
985
990
995
1000
1005
1010
1015
1020
1025
1026
1027
1032
1037
1042
1047
1052
1057
1062
1067
1072
1077
1082
1087
1092
1097
1102
1107
1112
1117
1122
1127
1132
1137
1142
1147
1152
1157
1162
1167
1172
1177
1182
1187
1192
1197
1202
1207
1212
1217
1222
1223
1224
1229
1234
1239
1244
1249
1254
1259
1264
1269
1274
1279
1284
1289
1294
1299
1304
1309
1314
1319
1324
1329
1334
1339
1344
1349
1354
1359
1364
1369
1374
1379
1384
1389
1394
1399
1404
1409
1414
1419
1420
1421
1426
1431
1436
1441
1446
1451
1456
1461
1466
1471
1476
1481
1486
1491
1496
1501
1506
1511
1516
1521
1526
1531
1536
1541
1546
1551
1556
1561
1566
1571
1576
1581
1586
1591
1596
1601
1606
1611
1616
1617
1618
1623
1628
1633
1638
1643
1648
1653
1658
1663
1668
1673
1678
1683
1688
1693
1698
1703
1708
1713
1718
1723
1728
1733
1738
1743
1748
1753
1758
1763
1768
1773
1778
1783
1788
1793
1798
1803
1808
1813
1814
1815
1820
1825
1830
1835
1840
1845
1850
1855
1860
1865
1870
1875
1880
1885
1890
1895
1900
1905
1910
1915
1920
1925
1930
1935
1940
1945
1950
1955
1960
1965
1970
1975
1980
1985
1990
1995
2000
2005
2010
2011
2012
2017
2022
2027
2032
2037
2042
2047
2052
2057
2062
2067
2072
2077
2082
2087
2092
2097
2102
2107
2112
2117
2122
2127
2132
2137
2142
2147
2152
2157
2162
2167
2172
2177
2182
2187
2192
2197
2202
2207
2208
2209
2214
2219
2224
2229
2234
2239
2244
2249
2254
2259
2264
2269
2274
2279
2284
2289
2294
2299
2304
2309
2314
2319
2324
2329
2334
2339
2344
2349
2354
2359
2364
2369
2374
2379
2384
2389
2394
2399
2404
2405
2406
2411
2416
2421
2426
2431
2436
2441
2446
2451
2456
2461
2466
2471
2476
2481
2486
2491
2496
2501
2506
2511
2516
2521
2526
2531
2536
2541
2546
2551
2556
2561
2566
2571
2576
2581
2586
2591
2596
2601
2602
2603
2608
2613
2618
2623
2628
2633
2638
2643
2648
2653
2658
2663
2668
2673
2678
2683
2688
2693
2698
2703
2708
2713
2718
2723
2728
2733
2738
2743
2748
2753
2758
2763
2768
2773
2778
2783
2788
2793
2798
2799
2800
2805
2810
2815
2820
2825
2830
2835
2840
2845
2850
2855
2860
2865
2870
2875
2880
2885
2890
2895
2900
2905
2910
2915
2920
2925
2930
2935
2940
2945
2950
2955
2960
2965
2970
2975
2980
2985
2990
2995
2996
2997
3002
3007
3012
3017
3022
3027
3032
3037
3042
3047
3052
3057
3062
3067
3072
3077
3082
3087
3092
3097
3102
3107
3112
3117
3122
3127
3132
3137
3142
3147
3152
3157
3162
3167
3172
3177
3182
3187
3192
3193
3194
3199
3204
3209
3214
3219
3224
3229
3234
3239
3244
3249
3254
3259
3264
3269
3274
3279
3284
3289
3294
3299
3304
3309
3314
3319
3324
3329
3334
3339
3344
3349
3354
3359
3364
3369
3374
3379
3384
3389
3390
3391
3396
3401
3406
3411
3416
3421
3426
3431
3436
3441
3446
3451
3456
3461
3466
3471
3476
3481
3486
3491
3496
3501
3506
3511
3516
3521
3526
3531
3536
3541
3546
3551
3556
3561
3566
3571
3576
3581
3586
3587
3588
3593
3598
3603
3608
3613
3618
3623
3628
3633
3638
3643
3648
3653
3658
3663
3668
3673
3678
3683
3688
3693
3698
3703
3708
3713
3718
3723
3728
3733
3738
3743
3748
3753
3758
3763
3768
3773
3778
3783
3784
3785
3790
3795
3800
3805
3810
3815
3820
3825
3830
3835
3840
3845
3850
3855
3860
3865
3870
3875
3880
3885
3890
3895
3900
3905
3910
3915
3920
3925
3930
3935
3940
3945
3950
3955
3960
3965
3970
3975
3980
3981
3982
3987
3992
3997
4002
4007
4012
4017
4022
4027
4032
4037
4042
4047
4052
4057
4062
4067
4072
4077
4082
4087
4092
4097
4102
4107
4112
4117
4122
4127
4132
4137
4142
4147
4152
4157
4162
4167
4172
4177
4178
4179
4184
4189
4194
4199
4204
4209
4214
4219
4224
4229
4234
4239
4244
4249
4254
4259
4264
4269
4274
4279
4284
4289
4294
4299
4304
4309
4314
4319
4324
4329
4334
4339
4344
4349
4354
4359
4364
4369
4374
4375
4376
4381
4386
4391
4396
4401
4406
4411
4416
4421
4426
4431
4436
4441
4446
4451
4456
4461
4466
4471
4476
4481
4486
4491
4496
4501
4506
4511
4516
4521
4526
4531
4536
4541
4546
4551
4556
4561
4566
4571
4572
4573
4578
4583
4588
4593
4598
4603
4608
4613
4618
4623
4628
4633
4638
4643
4648
4653
4658
4663
4668
4673
4678
4683
4688
4693
4698
4703
4708
4713
4718
4723
4728
4733
4738
4743
4748
4753
4758
4763
4768
4769
4770
4775
4780
4785
4790
4795
4800
4805
4810
4815
4820
4825
4830
4835
4840
4845
4850
4855
4860
4865
4870
4875
4880
4885
4890
4895
4900
4905
4910
4915
4920
4925
4930
4935
4940
4945
4950
4955
4960
4965
4966
4967
4972
4977
4982
4987
4992
4997
5002
5007
5012
5017
5022
5027
5032
5037
5042
5047
5052
5057
5062
5067
5072
5077
5082
5087
5092
5097
5102
5107
5112
5117
5122
5127
5132
5137
5142
5147
5152
5157
5162
5163
5164
5169
5174
5179
5184
5189
5194
5199
5204
5209
5214
5219
5224
5229
5234
5239
5244
5249
5254
5259
5264
5269
5274
5279
5284
5289
5294
5299
5304
5309
5314
5319
5324
5329
5334
5339
5344
5349
5354
5359
5360
5361
5366
5371
5376
5381
5386
5391
5396
5401
5406
5411
5416
5421
5426
5431
5436
5441
5446
5451
5456
5461
5466
5471
5476
5481
5486
5491
5496
5501
5506
5511
5516
5521
5526
5531
5536
5541
5546
5551
5556
5557
5558
5563
5568
5573
5578
5583
5588
5593
5598
5603
5608
5613
5618
5623
5628
5633
5638
5643
5648
5653
5658
5663
5668
5673
5678
5683
5688
5693
5698
5703
5708
5713
5718
5723
5728
5733
5738
5743
5748
5753
5754
5755
5760
5765
5770
5775
5780
5785
5790
5795
5800
5805
5810
5815
5820
5825
5830
5835
5840
5845
5850
5855
5860
5865
5870
5875
5880
5885
5890
5895
5900
5905
5910
5915
5920
5925
5930
5935
5940
5945
5950
5951
5952
5957
5962
5967
5972
5977
5982
5987
5992
5997
6002
6007
6012
6017
6022
6027
6032
6037
6042
6047
6052
6057
6062
6067
6072
6077
6082
6087
6092
6097
6102
6107
6112
6117
6122
6127
6132
6137
6142
6147
6148
6149
6154
6159
6164
6169
6174
6179
6184
6189
6194
6199
6204
6209
6214
6219
6224
6229
6234
6239
6244
6249
6254
6259
6264
6269
6274
6279
6284
6289
6294
6299
6304
6309
6314
6319
6324
6329
6334
6339
6344
6345
6346
6351
6356
6361
6366
6371
6376
6381
6386
6391
6396
6401
6406
6411
6416
6421
6426
6431
6436
6441
6446
6451
6456
6461
6466
6471
6476
6481
6486
6491
6496
6501
6506
6511
6516
6521
6526
6531
6536
6541
6542
6543
6548
6553
6558
6563
6568
6573
6578
6583
6588
6593
6598
6603
6608
6613
6618
6623
6628
6633
6638
6643
6648
6653
6658
6663
6668
6673
6678
6683
6688
6693
6698
6703
6708
6713
6718
6723
6728
6733
6738
6739
6740
6745
6750
6755
6760
6765
6770
6775
6780
6785
6790
6795
6800
6805
6810
6815
6820
6825
6830
6835
6840
6845
6850
6855
6860
6865
6870
6875
6880
6885
6890
6895
6900
6905
6910
6915
6920
6925
6930
6935
6936
6937
6942
6947
6952
6957
6962
6967
6972
6977
6982
6987
6992
6997
7002
7007
7012
7017
7022
7027
7032
7037
7042
7047
7052
7057
7062
7067
7072
7077
7082
7087
7092
7097
7102
7107
7112
7117
7122
7127
7132
7133
7134
7139
7144
7149
7154
7159
7164
7169
7174
7179
7184
7189
7194
7199
7204
7209
7214
7219
7224
7229
7234
7239
7244
7249
7254
7259
7264
7269
7274
7279
7284
7289
7294
7299
7304
7309
7314
7319
7324
7329
7330
7331
7336
7341
7346
7351
7356
7361
7366
7371
7376
7381
7386
7391
7396
7401
7406
7411
7416
7421
7426
7431
7436
7441
7446
7451
7456
7461
7466
7471
7476
7481
7486
7491
7496
7501
7506
7511
7516
7521
7526
7527
7528
7533
7538
7543
7548
7553
7558
7563
7568
7573
7578
7583
7588
7593
7598
7603
7608
7613
7618
7623
7628
7633
7638
7643
7648
7653
7658
7663
7668
7673
7678
7683
7688
7693
7698
7703
7708
7713
7718
7723
7724
7725
7726
7727
7728
7729
7730
7731
7732
7733
7734
7735
7736
7737
7738
7739
7740
7741
7742
7743
7744
7745
7746
7747
7748
7749
7750
7751
7752
7753
7754
7755
7756
7757
7758
7759
7760
7761
7762
7763
7764
7765
