0
1
2
3
4
5
6
7
8
9
10
11
12
13
14
15
16
17
18
19
20
21
22
23
24
25
26
27
28
29
30
31
32
33
34
35
36
37
38
39
40
41
1
83
42
41
43
2
84
43
42
44
3
85
44
43
45
4
86
45
44
46
5
87
46
45
47
6
88
47
46
48
7
89
48
47
49
8
90
49
48
50
9
91
50
49
51
10
92
51
50
52
11
93
52
51
53
12
94
53
52
54
13
95
54
53
55
14
96
55
54
56
15
97
56
55
57
16
98
57
56
58
17
99
58
57
59
18
100
59
58
60
19
101
60
59
61
20
102
61
60
62
21
103
62
61
63
22
104
63
62
64
23
105
64
63
65
24
106
65
64
66
25
107
66
65
67
26
108
67
66
68
27
109
68
67
69
28
110
69
68
70
29
111
70
69
71
30
112
71
70
72
31
113
72
71
73
32
114
73
72
74
33
115
74
73
75
34
116
75
74
76
35
117
76
75
77
36
118
77
76
78
37
119
78
77
79
38
120
79
78
80
39
121
80
79
81
81
82
42
124
83
82
84
43
125
84
83
85
44
126
85
84
86
45
127
86
85
87
46
128
87
86
88
47
129
88
87
89
48
130
89
88
90
49
131
90
89
91
50
132
91
90
92
51
133
92
91
93
52
134
93
92
94
53
135
94
93
95
54
136
95
94
96
55
137
96
95
97
56
138
97
96
98
57
139
98
97
99
58
140
99
98
100
59
141
100
99
101
60
142
101
100
102
61
143
102
101
103
62
144
103
102
104
63
145
104
103
105
64
146
105
104
106
65
147
106
105
107
66
148
107
106
108
67
149
108
107
109
68
150
109
108
110
69
151
110
109
111
70
152
111
110
112
71
153
112
111
113
72
154
113
112
114
73
155
114
113
115
74
156
115
114
116
75
157
116
115
117
76
158
117
116
118
77
159
118
117
119
78
160
119
118
120
79
161
120
119
121
80
162
121
120
122
122
123
83
165
124
123
125
84
166
125
124
126
85
167
126
125
127
86
168
127
126
128
87
169
128
127
129
88
170
129
128
130
89
171
130
129
131
90
172
131
130
132
91
173
132
131
133
92
174
133
132
134
93
175
134
133
135
94
176
135
134
136
95
177
136
135
137
96
178
137
136
138
97
179
138
137
139
98
180
139
138
140
99
181
140
139
141
100
182
141
140
142
101
183
142
141
143
102
184
143
142
144
103
185
144
143
145
104
186
145
144
146
105
187
146
145
147
106
188
147
146
148
107
189
148
147
149
108
190
149
148
150
109
191
150
149
151
110
192
151
150
152
111
193
152
151
153
112
194
153
152
154
113
195
154
153
155
114
196
155
154
156
115
197
156
155
157
116
198
157
156
158
117
199
158
157
159
118
200
159
158
160
119
201
160
159
161
120
202
161
160
162
121
203
162
161
163
163
164
124
206
165
164
166
125
207
166
165
167
126
208
167
166
168
127
209
168
167
169
128
210
169
168
170
129
211
170
169
171
130
212
171
170
172
131
213
172
171
173
132
214
173
172
174
133
215
174
173
175
134
216
175
174
176
135
217
176
175
177
136
218
177
176
178
137
219
178
177
179
138
220
179
178
180
139
221
180
179
181
140
222
181
180
182
141
223
182
181
183
142
224
183
182
184
143
225
184
183
185
144
226
185
184
186
145
227
186
185
187
146
228
187
186
188
147
229
188
187
189
148
230
189
188
190
149
231
190
189
191
150
232
191
190
192
151
233
192
191
193
152
234
193
192
194
153
235
194
193
195
154
236
195
194
196
155
237
196
195
197
156
238
197
196
198
157
239
198
197
199
158
240
199
198
200
159
241
200
199
201
160
242
201
200
202
161
243
202
201
203
162
244
203
202
204
204
205
165
247
206
205
207
166
248
207
206
208
167
249
208
207
209
168
250
209
208
210
169
251
210
209
211
170
252
211
210
212
171
253
212
211
213
172
254
213
212
214
173
255
214
213
215
174
256
215
214
216
175
257
216
215
217
176
258
217
216
218
177
259
218
217
219
178
260
219
218
220
179
261
220
219
221
180
262
221
220
222
181
263
222
221
223
182
264
223
222
224
183
265
224
223
225
184
266
225
224
226
185
267
226
225
227
186
268
227
226
228
187
269
228
227
229
188
270
229
228
230
189
271
230
229
231
190
272
231
230
232
191
273
232
231
233
192
274
233
232
234
193
275
234
233
235
194
276
235
234
236
195
277
236
235
237
196
278
237
236
238
197
279
238
237
239
198
280
239
238
240
199
281
240
239
241
200
282
241
240
242
201
283
242
241
243
202
284
243
242
244
203
285
244
243
245
245
246
206
288
247
246
248
207
289
248
247
249
208
290
249
248
250
209
291
250
249
251
210
292
251
250
252
211
293
252
251
253
212
294
253
252
254
213
295
254
253
255
214
296
255
254
256
215
297
256
255
257
216
298
257
256
258
217
299
258
257
259
218
300
259
258
260
219
301
260
259
261
220
302
261
260
262
221
303
262
261
263
222
304
263
262
264
223
305
264
263
265
224
306
265
264
266
225
307
266
265
267
226
308
267
266
268
227
309
268
267
269
228
310
269
268
270
229
311
270
269
271
230
312
271
270
272
231
313
272
271
273
232
314
273
272
274
233
315
274
273
275
234
316
275
274
276
235
317
276
275
277
236
318
277
276
278
237
319
278
277
279
238
320
279
278
280
239
321
280
279
281
240
322
281
280
282
241
323
282
281
283
242
324
283
282
284
243
325
284
283
285
244
326
285
284
286
286
287
247
329
288
287
289
248
330
289
288
290
249
331
290
289
291
250
332
291
290
292
251
333
292
291
293
252
334
293
292
294
253
335
294
293
295
254
336
295
294
296
255
337
296
295
297
256
338
297
296
298
257
339
298
297
299
258
340
299
298
300
259
341
300
299
301
260
342
301
300
302
261
343
302
301
303
262
344
303
302
304
263
345
304
303
305
264
346
305
304
306
265
347
306
305
307
266
348
307
306
308
267
349
308
307
309
268
350
309
308
310
269
351
310
309
311
270
352
311
310
312
271
353
312
311
313
272
354
313
312
314
273
355
314
313
315
274
356
315
314
316
275
357
316
315
317
276
358
317
316
318
277
359
318
317
319
278
360
319
318
320
279
361
320
319
321
280
362
321
320
322
281
363
322
321
323
282
364
323
322
324
283
365
324
323
325
284
366
325
324
326
285
367
326
325
327
327
328
288
370
329
328
330
289
371
330
329
331
290
372
331
330
332
291
373
332
331
333
292
374
333
332
334
293
375
334
333
335
294
376
335
334
336
295
377
336
335
337
296
378
337
336
338
297
379
338
337
339
298
380
339
338
340
299
381
340
339
341
300
382
341
340
342
301
383
342
341
343
302
384
343
342
344
303
385
344
343
345
304
386
345
344
346
305
387
346
345
347
306
388
347
346
348
307
389
348
347
349
308
390
349
348
350
309
391
350
349
351
310
392
351
350
352
311
393
352
351
353
312
394
353
352
354
313
395
354
353
355
314
396
355
354
356
315
397
356
355
357
316
398
357
356
358
317
399
358
357
359
318
400
359
358
360
319
401
360
359
361
320
402
361
360
362
321
403
362
361
363
322
404
363
362
364
323
405
364
363
365
324
406
365
364
366
325
407
366
365
367
326
408
367
366
368
368
369
329
411
370
369
371
330
412
371
370
372
331
413
372
371
373
332
414
373
372
374
333
415
374
373
375
334
416
375
374
376
335
417
376
375
377
336
418
377
376
378
337
419
378
377
379
338
420
379
378
380
339
421
380
379
381
340
422
381
380
382
341
423
382
381
383
342
424
383
382
384
343
425
384
383
385
344
426
385
384
386
345
427
386
385
387
346
428
387
386
388
347
429
388
387
389
348
430
389
388
390
349
431
390
389
391
350
432
391
390
392
351
433
392
391
393
352
434
393
392
394
353
435
394
393
395
354
436
395
394
396
355
437
396
395
397
356
438
397
396
398
357
439
398
397
399
358
440
399
398
400
359
441
400
399
401
360
442
401
400
402
361
443
402
401
403
362
444
403
402
404
363
445
404
403
405
364
446
405
404
406
365
447
406
405
407
366
448
407
406
408
367
449
408
407
409
409
410
370
452
411
410
412
371
453
412
411
413
372
454
413
412
414
373
455
414
413
415
374
456
415
414
416
375
457
416
415
417
376
458
417
416
418
377
459
418
417
419
378
460
419
418
420
379
461
420
419
421
380
462
421
420
422
381
463
422
421
423
382
464
423
422
424
383
465
424
423
425
384
466
425
424
426
385
467
426
425
427
386
468
427
426
428
387
469
428
427
429
388
470
429
428
430
389
471
430
429
431
390
472
431
430
432
391
473
432
431
433
392
474
433
432
434
393
475
434
433
435
394
476
435
434
436
395
477
436
435
437
396
478
437
436
438
397
479
438
437
439
398
480
439
438
440
399
481
440
439
441
400
482
441
440
442
401
483
442
441
443
402
484
443
442
444
403
485
444
443
445
404
486
445
444
446
405
487
446
445
447
406
488
447
446
448
407
489
448
447
449
408
490
449
448
450
450
451
411
493
452
451
453
412
494
453
452
454
413
495
454
453
455
414
496
455
454
456
415
497
456
455
457
416
498
457
456
458
417
499
458
457
459
418
500
459
458
460
419
501
460
459
461
420
502
461
460
462
421
503
462
461
463
422
504
463
462
464
423
505
464
463
465
424
506
465
464
466
425
507
466
465
467
426
508
467
466
468
427
509
468
467
469
428
510
469
468
470
429
511
470
469
471
430
512
471
470
472
431
513
472
471
473
432
514
473
472
474
433
515
474
473
475
434
516
475
474
476
435
517
476
475
477
436
518
477
476
478
437
519
478
477
479
438
520
479
478
480
439
521
480
479
481
440
522
481
480
482
441
523
482
481
483
442
524
483
482
484
443
525
484
483
485
444
526
485
484
486
445
527
486
485
487
446
528
487
486
488
447
529
488
487
489
448
530
489
488
490
449
531
490
489
491
491
492
452
534
493
492
494
453
535
494
493
495
454
536
495
494
496
455
537
496
495
497
456
538
497
496
498
457
539
498
497
499
458
540
499
498
500
459
541
500
499
501
460
542
501
500
502
461
543
502
501
503
462
544
503
502
504
463
545
504
503
505
464
546
505
504
506
465
547
506
505
507
466
548
507
506
508
467
549
508
507
509
468
550
509
508
510
469
551
510
509
511
470
552
511
510
512
471
553
512
511
513
472
554
513
512
514
473
555
514
513
515
474
556
515
514
516
475
557
516
515
517
476
558
517
516
518
477
559
518
517
519
478
560
519
518
520
479
561
520
519
521
480
562
521
520
522
481
563
522
521
523
482
564
523
522
524
483
565
524
523
525
484
566
525
524
526
485
567
526
525
527
486
568
527
526
528
487
569
528
527
529
488
570
529
528
530
489
571
530
529
531
490
572
531
530
532
532
533
493
575
534
533
535
494
576
535
534
536
495
577
536
535
537
496
578
537
536
538
497
579
538
537
539
498
580
539
538
540
499
581
540
539
541
500
582
541
540
542
501
583
542
541
543
502
584
543
542
544
503
585
544
543
545
504
586
545
544
546
505
587
546
545
547
506
588
547
546
548
507
589
548
547
549
508
590
549
548
550
509
591
550
549
551
510
592
551
550
552
511
593
552
551
553
512
594
553
552
554
513
595
554
553
555
514
596
555
554
556
515
597
556
555
557
516
598
557
556
558
517
599
558
557
559
518
600
559
558
560
519
601
560
559
561
520
602
561
560
562
521
603
562
561
563
522
604
563
562
564
523
605
564
563
565
524
606
565
564
566
525
607
566
565
567
526
608
567
566
568
527
609
568
567
569
528
610
569
568
570
529
611
570
569
571
530
612
571
570
572
531
613
572
571
573
573
574
534
616
575
574
576
535
617
576
575
577
536
618
577
576
578
537
619
578
577
579
538
620
579
578
580
539
621
580
579
581
540
622
581
580
582
541
623
582
581
583
542
624
583
582
584
543
625
584
583
585
544
626
585
584
586
545
627
586
585
587
546
628
587
586
588
547
629
588
587
589
548
630
589
588
590
549
631
590
589
591
550
632
591
590
592
551
633
592
591
593
552
634
593
592
594
553
635
594
593
595
554
636
595
594
596
555
637
596
595
597
556
638
597
596
598
557
639
598
597
599
558
640
599
598
600
559
641
600
599
601
560
642
601
600
602
561
643
602
601
603
562
644
603
602
604
563
645
604
603
605
564
646
605
604
606
565
647
606
605
607
566
648
607
606
608
567
649
608
607
609
568
650
609
608
610
569
651
610
609
611
570
652
611
610
612
571
653
612
611
613
572
654
613
612
614
614
615
575
657
616
615
617
576
658
617
616
618
577
659
618
617
619
578
660
619
618
620
579
661
620
619
621
580
662
621
620
622
581
663
622
621
623
582
664
623
622
624
583
665
624
623
625
584
666
625
624
626
585
667
626
625
627
586
668
627
626
628
587
669
628
627
629
588
670
629
628
630
589
671
630
629
631
590
672
631
630
632
591
673
632
631
633
592
674
633
632
634
593
675
634
633
635
594
676
635
634
636
595
677
636
635
637
596
678
637
636
638
597
679
638
637
639
598
680
639
638
640
599
681
640
639
641
600
682
641
640
642
601
683
642
641
643
602
684
643
642
644
603
685
644
643
645
604
686
645
644
646
605
687
646
645
647
606
688
647
646
648
607
689
648
647
649
608
690
649
648
650
609
691
650
649
651
610
692
651
650
652
611
693
652
651
653
612
694
653
652
654
613
695
654
653
655
655
656
616
698
657
656
658
617
699
658
657
659
618
700
659
658
660
619
701
660
659
661
620
702
661
660
662
621
703
662
661
663
622
704
663
662
664
623
705
664
663
665
624
706
665
664
666
625
707
666
665
667
626
708
667
666
668
627
709
668
667
669
628
710
669
668
670
629
711
670
669
671
630
712
671
670
672
631
713
672
671
673
632
714
673
672
674
633
715
674
673
675
634
716
675
674
676
635
717
676
675
677
636
718
677
676
678
637
719
678
677
679
638
720
679
678
680
639
721
680
679
681
640
722
681
680
682
641
723
682
681
683
642
724
683
682
684
643
725
684
683
685
644
726
685
684
686
645
727
686
685
687
646
728
687
686
688
647
729
688
687
689
648
730
689
688
690
649
731
690
689
691
650
732
691
690
692
651
733
692
691
693
652
734
693
692
694
653
735
694
693
695
654
736
695
694
696
696
697
657
739
698
697
699
658
740
699
698
700
659
741
700
699
701
660
742
701
700
702
661
743
702
701
703
662
744
703
702
704
663
745
704
703
705
664
746
705
704
706
665
747
706
705
707
666
748
707
706
708
667
749
708
707
709
668
750
709
708
710
669
751
710
709
711
670
752
711
710
712
671
753
712
711
713
672
754
713
712
714
673
755
714
713
715
674
756
715
714
716
675
757
716
715
717
676
758
717
716
718
677
759
718
717
719
678
760
719
718
720
679
761
720
719
721
680
762
721
720
722
681
763
722
721
723
682
764
723
722
724
683
765
724
723
725
684
766
725
724
726
685
767
726
725
727
686
768
727
726
728
687
769
728
727
729
688
770
729
728
730
689
771
730
729
731
690
772
731
730
732
691
773
732
731
733
692
774
733
732
734
693
775
734
733
735
694
776
735
734
736
695
777
736
735
737
737
738
698
780
739
738
740
699
781
740
739
741
700
782
741
740
742
701
783
742
741
743
702
784
743
742
744
703
785
744
743
745
704
786
745
744
746
705
787
746
745
747
706
788
747
746
748
707
789
748
747
749
708
790
749
748
750
709
791
750
749
751
710
792
751
750
752
711
793
752
751
753
712
794
753
752
754
713
795
754
753
755
714
796
755
754
756
715
797
756
755
757
716
798
757
756
758
717
799
758
757
759
718
800
759
758
760
719
801
760
759
761
720
802
761
760
762
721
803
762
761
763
722
804
763
762
764
723
805
764
763
765
724
806
765
764
766
725
807
766
765
767
726
808
767
766
768
727
809
768
767
769
728
810
769
768
770
729
811
770
769
771
730
812
771
770
772
731
813
772
771
773
732
814
773
772
774
733
815
774
773
775
734
816
775
774
776
735
817
776
775
777
736
818
777
776
778
778
779
739
821
780
779
781
740
822
781
780
782
741
823
782
781
783
742
824
783
782
784
743
825
784
783
785
744
826
785
784
786
745
827
786
785
787
746
828
787
786
788
747
829
788
787
789
748
830
789
788
790
749
831
790
789
791
750
832
791
790
792
751
833
792
791
793
752
834
793
792
794
753
835
794
793
795
754
836
795
794
796
755
837
796
795
797
756
838
797
796
798
757
839
798
797
799
758
840
799
798
800
759
841
800
799
801
760
842
801
800
802
761
843
802
801
803
762
844
803
802
804
763
845
804
803
805
764
846
805
804
806
765
847
806
805
807
766
848
807
806
808
767
849
808
807
809
768
850
809
808
810
769
851
810
809
811
770
852
811
810
812
771
853
812
811
813
772
854
813
812
814
773
855
814
813
815
774
856
815
814
816
775
857
816
815
817
776
858
817
816
818
777
859
818
817
819
819
820
780
862
821
820
822
781
863
822
821
823
782
864
823
822
824
783
865
824
823
825
784
866
825
824
826
785
867
826
825
827
786
868
827
826
828
787
869
828
827
829
788
870
829
828
830
789
871
830
829
831
790
872
831
830
832
791
873
832
831
833
792
874
833
832
834
793
875
834
833
835
794
876
835
834
836
795
877
836
835
837
796
878
837
836
838
797
879
838
837
839
798
880
839
838
840
799
881
840
839
841
800
882
841
840
842
801
883
842
841
843
802
884
843
842
844
803
885
844
843
845
804
886
845
844
846
805
887
846
845
847
806
888
847
846
848
807
889
848
847
849
808
890
849
848
850
809
891
850
849
851
810
892
851
850
852
811
893
852
851
853
812
894
853
852
854
813
895
854
853
855
814
896
855
854
856
815
897
856
855
857
816
898
857
856
858
817
899
858
857
859
818
900
859
858
860
860
861
821
903
862
861
863
822
904
863
862
864
823
905
864
863
865
824
906
865
864
866
825
907
866
865
867
826
908
867
866
868
827
909
868
867
869
828
910
869
868
870
829
911
870
869
871
830
912
871
870
872
831
913
872
871
873
832
914
873
872
874
833
915
874
873
875
834
916
875
874
876
835
917
876
875
877
836
918
877
876
878
837
919
878
877
879
838
920
879
878
880
839
921
880
879
881
840
922
881
880
882
841
923
882
881
883
842
924
883
882
884
843
925
884
883
885
844
926
885
884
886
845
927
886
885
887
846
928
887
886
888
847
929
888
887
889
848
930
889
888
890
849
931
890
889
891
850
932
891
890
892
851
933
892
891
893
852
934
893
892
894
853
935
894
893
895
854
936
895
894
896
855
937
896
895
897
856
938
897
896
898
857
939
898
897
899
858
940
899
898
900
859
941
900
899
901
901
902
862
944
903
902
904
863
945
904
903
905
864
946
905
904
906
865
947
906
905
907
866
948
907
906
908
867
949
908
907
909
868
950
909
908
910
869
951
910
909
911
870
952
911
910
912
871
953
912
911
913
872
954
913
912
914
873
955
914
913
915
874
956
915
914
916
875
957
916
915
917
876
958
917
916
918
877
959
918
917
919
878
960
919
918
920
879
961
920
919
921
880
962
921
920
922
881
963
922
921
923
882
964
923
922
924
883
965
924
923
925
884
966
925
924
926
885
967
926
925
927
886
968
927
926
928
887
969
928
927
929
888
970
929
928
930
889
971
930
929
931
890
972
931
930
932
891
973
932
931
933
892
974
933
932
934
893
975
934
933
935
894
976
935
934
936
895
977
936
935
937
896
978
937
936
938
897
979
938
937
939
898
980
939
938
940
899
981
940
939
941
900
982
941
940
942
942
943
903
985
944
943
945
904
986
945
944
946
905
987
946
945
947
906
988
947
946
948
907
989
948
947
949
908
990
949
948
950
909
991
950
949
951
910
992
951
950
952
911
993
952
951
953
912
994
953
952
954
913
995
954
953
955
914
996
955
954
956
915
997
956
955
957
916
998
957
956
958
917
999
958
957
959
918
1000
959
958
960
919
1001
960
959
961
920
1002
961
960
962
921
1003
962
961
963
922
1004
963
962
964
923
1005
964
963
965
924
1006
965
964
966
925
1007
966
965
967
926
1008
967
966
968
927
1009
968
967
969
928
1010
969
968
970
929
1011
970
969
971
930
1012
971
970
972
931
1013
972
971
973
932
1014
973
972
974
933
1015
974
973
975
934
1016
975
974
976
935
1017
976
975
977
936
1018
977
976
978
937
1019
978
977
979
938
1020
979
978
980
939
1021
980
979
981
940
1022
981
980
982
941
1023
982
981
983
983
984
944
1026
985
984
986
945
1027
986
985
987
946
1028
987
986
988
947
1029
988
987
989
948
1030
989
988
990
949
1031
990
989
991
950
1032
991
990
992
951
1033
992
991
993
952
1034
993
992
994
953
1035
994
993
995
954
1036
995
994
996
955
1037
996
995
997
956
1038
997
996
998
957
1039
998
997
999
958
1040
999
998
1000
959
1041
1000
999
1001
960
1042
1001
1000
1002
961
1043
1002
1001
1003
962
1044
1003
1002
1004
963
1045
1004
1003
1005
964
1046
1005
1004
1006
965
1047
1006
1005
1007
966
1048
1007
1006
1008
967
1049
1008
1007
1009
968
1050
1009
1008
1010
969
1051
1010
1009
1011
970
1052
1011
1010
1012
971
1053
1012
1011
1013
972
1054
1013
1012
1014
973
1055
1014
1013
1015
974
1056
1015
1014
1016
975
1057
1016
1015
1017
976
1058
1017
1016
1018
977
1059
1018
1017
1019
978
1060
1019
1018
1020
979
1061
1020
1019
1021
980
1062
1021
1020
1022
981
1063
1022
1021
1023
982
1064
1023
1022
1024
1024
1025
985
1067
1026
1025
1027
986
1068
1027
1026
1028
987
1069
1028
1027
1029
988
1070
1029
1028
1030
989
1071
1030
1029
1031
990
1072
1031
1030
1032
991
1073
1032
1031
1033
992
1074
1033
1032
1034
993
1075
1034
1033
1035
994
1076
1035
1034
1036
995
1077
1036
1035
1037
996
1078
1037
1036
1038
997
1079
1038
1037
1039
998
1080
1039
1038
1040
999
1081
1040
1039
1041
1000
1082
1041
1040
1042
1001
1083
1042
1041
1043
1002
1084
1043
1042
1044
1003
1085
1044
1043
1045
1004
1086
1045
1044
1046
1005
1087
1046
1045
1047
1006
1088
1047
1046
1048
1007
1089
1048
1047
1049
1008
1090
1049
1048
1050
1009
1091
1050
1049
1051
1010
1092
1051
1050
1052
1011
1093
1052
1051
1053
1012
1094
1053
1052
1054
1013
1095
1054
1053
1055
1014
1096
1055
1054
1056
1015
1097
1056
1055
1057
1016
1098
1057
1056
1058
1017
1099
1058
1057
1059
1018
1100
1059
1058
1060
1019
1101
1060
1059
1061
1020
1102
1061
1060
1062
1021
1103
1062
1061
1063
1022
1104
1063
1062
1064
1023
1105
1064
1063
1065
1065
1066
1026
1108
1067
1066
1068
1027
1109
1068
1067
1069
1028
1110
1069
1068
1070
1029
1111
1070
1069
1071
1030
1112
1071
1070
1072
1031
1113
1072
1071
1073
1032
1114
1073
1072
1074
1033
1115
1074
1073
1075
1034
1116
1075
1074
1076
1035
1117
1076
1075
1077
1036
1118
1077
1076
1078
1037
1119
1078
1077
1079
1038
1120
1079
1078
1080
1039
1121
1080
1079
1081
1040
1122
1081
1080
1082
1041
1123
1082
1081
1083
1042
1124
1083
1082
1084
1043
1125
1084
1083
1085
1044
1126
1085
1084
1086
1045
1127
1086
1085
1087
1046
1128
1087
1086
1088
1047
1129
1088
1087
1089
1048
1130
1089
1088
1090
1049
1131
1090
1089
1091
1050
1132
1091
1090
1092
1051
1133
1092
1091
1093
1052
1134
1093
1092
1094
1053
1135
1094
1093
1095
1054
1136
1095
1094
1096
1055
1137
1096
1095
1097
1056
1138
1097
1096
1098
1057
1139
1098
1097
1099
1058
1140
1099
1098
1100
1059
1141
1100
1099
1101
1060
1142
1101
1100
1102
1061
1143
1102
1101
1103
1062
1144
1103
1102
1104
1063
1145
1104
1103
1105
1064
1146
1105
1104
1106
1106
1107
1067
1149
1108
1107
1109
1068
1150
1109
1108
1110
1069
1151
1110
1109
1111
1070
1152
1111
1110
1112
1071
1153
1112
1111
1113
1072
1154
1113
1112
1114
1073
1155
1114
1113
1115
1074
1156
1115
1114
1116
1075
1157
1116
1115
1117
1076
1158
1117
1116
1118
1077
1159
1118
1117
1119
1078
1160
1119
1118
1120
1079
1161
1120
1119
1121
1080
1162
1121
1120
1122
1081
1163
1122
1121
1123
1082
1164
1123
1122
1124
1083
1165
1124
1123
1125
1084
1166
1125
1124
1126
1085
1167
1126
1125
1127
1086
1168
1127
1126
1128
1087
1169
1128
1127
1129
1088
1170
1129
1128
1130
1089
1171
1130
1129
1131
1090
1172
1131
1130
1132
1091
1173
1132
1131
1133
1092
1174
1133
1132
1134
1093
1175
1134
1133
1135
1094
1176
1135
1134
1136
1095
1177
1136
1135
1137
1096
1178
1137
1136
1138
1097
1179
1138
1137
1139
1098
1180
1139
1138
1140
1099
1181
1140
1139
1141
1100
1182
1141
1140
1142
1101
1183
1142
1141
1143
1102
1184
1143
1142
1144
1103
1185
1144
1143
1145
1104
1186
1145
1144
1146
1105
1187
1146
1145
1147
1147
1148
1108
1190
1149
1148
1150
1109
1191
1150
1149
1151
1110
1192
1151
1150
1152
1111
1193
1152
1151
1153
1112
1194
1153
1152
1154
1113
1195
1154
1153
1155
1114
1196
1155
1154
1156
1115
1197
1156
1155
1157
1116
1198
1157
1156
1158
1117
1199
1158
1157
1159
1118
1200
1159
1158
1160
1119
1201
1160
1159
1161
1120
1202
1161
1160
1162
1121
1203
1162
1161
1163
1122
1204
1163
1162
1164
1123
1205
1164
1163
1165
1124
1206
1165
1164
1166
1125
1207
1166
1165
1167
1126
1208
1167
1166
1168
1127
1209
1168
1167
1169
1128
1210
1169
1168
1170
1129
1211
1170
1169
1171
1130
1212
1171
1170
1172
1131
1213
1172
1171
1173
1132
1214
1173
1172
1174
1133
1215
1174
1173
1175
1134
1216
1175
1174
1176
1135
1217
1176
1175
1177
1136
1218
1177
1176
1178
1137
1219
1178
1177
1179
1138
1220
1179
1178
1180
1139
1221
1180
1179
1181
1140
1222
1181
1180
1182
1141
1223
1182
1181
1183
1142
1224
1183
1182
1184
1143
1225
1184
1183
1185
1144
1226
1185
1184
1186
1145
1227
1186
1185
1187
1146
1228
1187
1186
1188
1188
1189
1149
1231
1190
1189
1191
1150
1232
1191
1190
1192
1151
1233
1192
1191
1193
1152
1234
1193
1192
1194
1153
1235
1194
1193
1195
1154
1236
1195
1194
1196
1155
1237
1196
1195
1197
1156
1238
1197
1196
1198
1157
1239
1198
1197
1199
1158
1240
1199
1198
1200
1159
1241
1200
1199
1201
1160
1242
1201
1200
1202
1161
1243
1202
1201
1203
1162
1244
1203
1202
1204
1163
1245
1204
1203
1205
1164
1246
1205
1204
1206
1165
1247
1206
1205
1207
1166
1248
1207
1206
1208
1167
1249
1208
1207
1209
1168
1250
1209
1208
1210
1169
1251
1210
1209
1211
1170
1252
1211
1210
1212
1171
1253
1212
1211
1213
1172
1254
1213
1212
1214
1173
1255
1214
1213
1215
1174
1256
1215
1214
1216
1175
1257
1216
1215
1217
1176
1258
1217
1216
1218
1177
1259
1218
1217
1219
1178
1260
1219
1218
1220
1179
1261
1220
1219
1221
1180
1262
1221
1220
1222
1181
1263
1222
1221
1223
1182
1264
1223
1222
1224
1183
1265
1224
1223
1225
1184
1266
1225
1224
1226
1185
1267
1226
1225
1227
1186
1268
1227
1226
1228
1187
1269
1228
1227
1229
1229
1230
1190
1272
1231
1230
1232
1191
1273
1232
1231
1233
1192
1274
1233
1232
1234
1193
1275
1234
1233
1235
1194
1276
1235
1234
1236
1195
1277
1236
1235
1237
1196
1278
1237
1236
1238
1197
1279
1238
1237
1239
1198
1280
1239
1238
1240
1199
1281
1240
1239
1241
1200
1282
1241
1240
1242
1201
1283
1242
1241
1243
1202
1284
1243
1242
1244
1203
1285
1244
1243
1245
1204
1286
1245
1244
1246
1205
1287
1246
1245
1247
1206
1288
1247
1246
1248
1207
1289
1248
1247
1249
1208
1290
1249
1248
1250
1209
1291
1250
1249
1251
1210
1292
1251
1250
1252
1211
1293
1252
1251
1253
1212
1294
1253
1252
1254
1213
1295
1254
1253
1255
1214
1296
1255
1254
1256
1215
1297
1256
1255
1257
1216
1298
1257
1256
1258
1217
1299
1258
1257
1259
1218
1300
1259
1258
1260
1219
1301
1260
1259
1261
1220
1302
1261
1260
1262
1221
1303
1262
1261
1263
1222
1304
1263
1262
1264
1223
1305
1264
1263
1265
1224
1306
1265
1264
1266
1225
1307
1266
1265
1267
1226
1308
1267
1266
1268
1227
1309
1268
1267
1269
1228
1310
1269
1268
1270
1270
1271
1231
1313
1272
1271
1273
1232
1314
1273
1272
1274
1233
1315
1274
1273
1275
1234
1316
1275
1274
1276
1235
1317
1276
1275
1277
1236
1318
1277
1276
1278
1237
1319
1278
1277
1279
1238
1320
1279
1278
1280
1239
1321
1280
1279
1281
1240
1322
1281
1280
1282
1241
1323
1282
1281
1283
1242
1324
1283
1282
1284
1243
1325
1284
1283
1285
1244
1326
1285
1284
1286
1245
1327
1286
1285
1287
1246
1328
1287
1286
1288
1247
1329
1288
1287
1289
1248
1330
1289
1288
1290
1249
1331
1290
1289
1291
1250
1332
1291
1290
1292
1251
1333
1292
1291
1293
1252
1334
1293
1292
1294
1253
1335
1294
1293
1295
1254
1336
1295
1294
1296
1255
1337
1296
1295
1297
1256
1338
1297
1296
1298
1257
1339
1298
1297
1299
1258
1340
1299
1298
1300
1259
1341
1300
1299
1301
1260
1342
1301
1300
1302
1261
1343
1302
1301
1303
1262
1344
1303
1302
1304
1263
1345
1304
1303
1305
1264
1346
1305
1304
1306
1265
1347
1306
1305
1307
1266
1348
1307
1306
1308
1267
1349
1308
1307
1309
1268
1350
1309
1308
1310
1269
1351
1310
1309
1311
1311
1312
1272
1354
1313
1312
1314
1273
1355
1314
1313
1315
1274
1356
1315
1314
1316
1275
1357
1316
1315
1317
1276
1358
1317
1316
1318
1277
1359
1318
1317
1319
1278
1360
1319
1318
1320
1279
1361
1320
1319
1321
1280
1362
1321
1320
1322
1281
1363
1322
1321
1323
1282
1364
1323
1322
1324
1283
1365
1324
1323
1325
1284
1366
1325
1324
1326
1285
1367
1326
1325
1327
1286
1368
1327
1326
1328
1287
1369
1328
1327
1329
1288
1370
1329
1328
1330
1289
1371
1330
1329
1331
1290
1372
1331
1330
1332
1291
1373
1332
1331
1333
1292
1374
1333
1332
1334
1293
1375
1334
1333
1335
1294
1376
1335
1334
1336
1295
1377
1336
1335
1337
1296
1378
1337
1336
1338
1297
1379
1338
1337
1339
1298
1380
1339
1338
1340
1299
1381
1340
1339
1341
1300
1382
1341
1340
1342
1301
1383
1342
1341
1343
1302
1384
1343
1342
1344
1303
1385
1344
1343
1345
1304
1386
1345
1344
1346
1305
1387
1346
1345
1347
1306
1388
1347
1346
1348
1307
1389
1348
1347
1349
1308
1390
1349
1348
1350
1309
1391
1350
1349
1351
1310
1392
1351
1350
1352
1352
1353
1313
1395
1354
1353
1355
1314
1396
1355
1354
1356
1315
1397
1356
1355
1357
1316
1398
1357
1356
1358
1317
1399
1358
1357
1359
1318
1400
1359
1358
1360
1319
1401
1360
1359
1361
1320
1402
1361
1360
1362
1321
1403
1362
1361
1363
1322
1404
1363
1362
1364
1323
1405
1364
1363
1365
1324
1406
1365
1364
1366
1325
1407
1366
1365
1367
1326
1408
1367
1366
1368
1327
1409
1368
1367
1369
1328
1410
1369
1368
1370
1329
1411
1370
1369
1371
1330
1412
1371
1370
1372
1331
1413
1372
1371
1373
1332
1414
1373
1372
1374
1333
1415
1374
1373
1375
1334
1416
1375
1374
1376
1335
1417
1376
1375
1377
1336
1418
1377
1376
1378
1337
1419
1378
1377
1379
1338
1420
1379
1378
1380
1339
1421
1380
1379
1381
1340
1422
1381
1380
1382
1341
1423
1382
1381
1383
1342
1424
1383
1382
1384
1343
1425
1384
1383
1385
1344
1426
1385
1384
1386
1345
1427
1386
1385
1387
1346
1428
1387
1386
1388
1347
1429
1388
1387
1389
1348
1430
1389
1388
1390
1349
1431
1390
1389
1391
1350
1432
1391
1390
1392
1351
1433
1392
1391
1393
1393
1394
1354
1436
1395
1394
1396
1355
1437
1396
1395
1397
1356
1438
1397
1396
1398
1357
1439
1398
1397
1399
1358
1440
1399
1398
1400
1359
1441
1400
1399
1401
1360
1442
1401
1400
1402
1361
1443
1402
1401
1403
1362
1444
1403
1402
1404
1363
1445
1404
1403
1405
1364
1446
1405
1404
1406
1365
1447
1406
1405
1407
1366
1448
1407
1406
1408
1367
1449
1408
1407
1409
1368
1450
1409
1408
1410
1369
1451
1410
1409
1411
1370
1452
1411
1410
1412
1371
1453
1412
1411
1413
1372
1454
1413
1412
1414
1373
1455
1414
1413
1415
1374
1456
1415
1414
1416
1375
1457
1416
1415
1417
1376
1458
1417
1416
1418
1377
1459
1418
1417
1419
1378
1460
1419
1418
1420
1379
1461
1420
1419
1421
1380
1462
1421
1420
1422
1381
1463
1422
1421
1423
1382
1464
1423
1422
1424
1383
1465
1424
1423
1425
1384
1466
1425
1424
1426
1385
1467
1426
1425
1427
1386
1468
1427
1426
1428
1387
1469
1428
1427
1429
1388
1470
1429
1428
1430
1389
1471
1430
1429
1431
1390
1472
1431
1430
1432
1391
1473
1432
1431
1433
1392
1474
1433
1432
1434
1434
1435
1395
1477
1436
1435
1437
1396
1478
1437
1436
1438
1397
1479
1438
1437
1439
1398
1480
1439
1438
1440
1399
1481
1440
1439
1441
1400
1482
1441
1440
1442
1401
1483
1442
1441
1443
1402
1484
1443
1442
1444
1403
1485
1444
1443
1445
1404
1486
1445
1444
1446
1405
1487
1446
1445
1447
1406
1488
1447
1446
1448
1407
1489
1448
1447
1449
1408
1490
1449
1448
1450
1409
1491
1450
1449
1451
1410
1492
1451
1450
1452
1411
1493
1452
1451
1453
1412
1494
1453
1452
1454
1413
1495
1454
1453
1455
1414
1496
1455
1454
1456
1415
1497
1456
1455
1457
1416
1498
1457
1456
1458
1417
1499
1458
1457
1459
1418
1500
1459
1458
1460
1419
1501
1460
1459
1461
1420
1502
1461
1460
1462
1421
1503
1462
1461
1463
1422
1504
1463
1462
1464
1423
1505
1464
1463
1465
1424
1506
1465
1464
1466
1425
1507
1466
1465
1467
1426
1508
1467
1466
1468
1427
1509
1468
1467
1469
1428
1510
1469
1468
1470
1429
1511
1470
1469
1471
1430
1512
1471
1470
1472
1431
1513
1472
1471
1473
1432
1514
1473
1472
1474
1433
1515
1474
1473
1475
1475
1476
1436
1518
1477
1476
1478
1437
1519
1478
1477
1479
1438
1520
1479
1478
1480
1439
1521
1480
1479
1481
1440
1522
1481
1480
1482
1441
1523
1482
1481
1483
1442
1524
1483
1482
1484
1443
1525
1484
1483
1485
1444
1526
1485
1484
1486
1445
1527
1486
1485
1487
1446
1528
1487
1486
1488
1447
1529
1488
1487
1489
1448
1530
1489
1488
1490
1449
1531
1490
1489
1491
1450
1532
1491
1490
1492
1451
1533
1492
1491
1493
1452
1534
1493
1492
1494
1453
1535
1494
1493
1495
1454
1536
1495
1494
1496
1455
1537
1496
1495
1497
1456
1538
1497
1496
1498
1457
1539
1498
1497
1499
1458
1540
1499
1498
1500
1459
1541
1500
1499
1501
1460
1542
1501
1500
1502
1461
1543
1502
1501
1503
1462
1544
1503
1502
1504
1463
1545
1504
1503
1505
1464
1546
1505
1504
1506
1465
1547
1506
1505
1507
1466
1548
1507
1506
1508
1467
1549
1508
1507
1509
1468
1550
1509
1508
1510
1469
1551
1510
1509
1511
1470
1552
1511
1510
1512
1471
1553
1512
1511
1513
1472
1554
1513
1512
1514
1473
1555
1514
1513
1515
1474
1556
1515
1514
1516
1516
1517
1477
1559
1518
1517
1519
1478
1560
1519
1518
1520
1479
1561
1520
1519
1521
1480
1562
1521
1520
1522
1481
1563
1522
1521
1523
1482
1564
1523
1522
1524
1483
1565
1524
1523
1525
1484
1566
1525
1524
1526
1485
1567
1526
1525
1527
1486
1568
1527
1526
1528
1487
1569
1528
1527
1529
1488
1570
1529
1528
1530
1489
1571
1530
1529
1531
1490
1572
1531
1530
1532
1491
1573
1532
1531
1533
1492
1574
1533
1532
1534
1493
1575
1534
1533
1535
1494
1576
1535
1534
1536
1495
1577
1536
1535
1537
1496
1578
1537
1536
1538
1497
1579
1538
1537
1539
1498
1580
1539
1538
1540
1499
1581
1540
1539
1541
1500
1582
1541
1540
1542
1501
1583
1542
1541
1543
1502
1584
1543
1542
1544
1503
1585
1544
1543
1545
1504
1586
1545
1544
1546
1505
1587
1546
1545
1547
1506
1588
1547
1546
1548
1507
1589
1548
1547
1549
1508
1590
1549
1548
1550
1509
1591
1550
1549
1551
1510
1592
1551
1550
1552
1511
1593
1552
1551
1553
1512
1594
1553
1552
1554
1513
1595
1554
1553
1555
1514
1596
1555
1554
1556
1515
1597
1556
1555
1557
1557
1558
1518
1600
1559
1558
1560
1519
1601
1560
1559
1561
1520
1602
1561
1560
1562
1521
1603
1562
1561
1563
1522
1604
1563
1562
1564
1523
1605
1564
1563
1565
1524
1606
1565
1564
1566
1525
1607
1566
1565
1567
1526
1608
1567
1566
1568
1527
1609
1568
1567
1569
1528
1610
1569
1568
1570
1529
1611
1570
1569
1571
1530
1612
1571
1570
1572
1531
1613
1572
1571
1573
1532
1614
1573
1572
1574
1533
1615
1574
1573
1575
1534
1616
1575
1574
1576
1535
1617
1576
1575
1577
1536
1618
1577
1576
1578
1537
1619
1578
1577
1579
1538
1620
1579
1578
1580
1539
1621
1580
1579
1581
1540
1622
1581
1580
1582
1541
1623
1582
1581
1583
1542
1624
1583
1582
1584
1543
1625
1584
1583
1585
1544
1626
1585
1584
1586
1545
1627
1586
1585
1587
1546
1628
1587
1586
1588
1547
1629
1588
1587
1589
1548
1630
1589
1588
1590
1549
1631
1590
1589
1591
1550
1632
1591
1590
1592
1551
1633
1592
1591
1593
1552
1634
1593
1592
1594
1553
1635
1594
1593
1595
1554
1636
1595
1594
1596
1555
1637
1596
1595
1597
1556
1638
1597
1596
1598
1598
1599
1559
1641
1600
1599
1601
1560
1642
1601
1600
1602
1561
1643
1602
1601
1603
1562
1644
1603
1602
1604
1563
1645
1604
1603
1605
1564
1646
1605
1604
1606
1565
1647
1606
1605
1607
1566
1648
1607
1606
1608
1567
1649
1608
1607
1609
1568
1650
1609
1608
1610
1569
1651
1610
1609
1611
1570
1652
1611
1610
1612
1571
1653
1612
1611
1613
1572
1654
1613
1612
1614
1573
1655
1614
1613
1615
1574
1656
1615
1614
1616
1575
1657
1616
1615
1617
1576
1658
1617
1616
1618
1577
1659
1618
1617
1619
1578
1660
1619
1618
1620
1579
1661
1620
1619
1621
1580
1662
1621
1620
1622
1581
1663
1622
1621
1623
1582
1664
1623
1622
1624
1583
1665
1624
1623
1625
1584
1666
1625
1624
1626
1585
1667
1626
1625
1627
1586
1668
1627
1626
1628
1587
1669
1628
1627
1629
1588
1670
1629
1628
1630
1589
1671
1630
1629
1631
1590
1672
1631
1630
1632
1591
1673
1632
1631
1633
1592
1674
1633
1632
1634
1593
1675
1634
1633
1635
1594
1676
1635
1634
1636
1595
1677
1636
1635
1637
1596
1678
1637
1636
1638
1597
1679
1638
1637
1639
1639
1640
1641
1642
1643
1644
1645
1646
1647
1648
1649
1650
1651
1652
1653
1654
1655
1656
1657
1658
1659
1660
1661
1662
1663
1664
1665
1666
1667
1668
1669
1670
1671
1672
1673
1674
1675
1676
1677
1678
1679
1680
