# t  mean_rho  mean_p  mean_B2  mean_beta  R_xy  M_xy  alpha_SS  V_circ  mean_phi_B  divB_max
 +0.000000e+00   +9.974428e-01   +9.974423e-01   +2.000004e-02   +2.506841e+03   -1.657588e-07   +0.000000e+00   -1.661838e-07   +0.000000e+00   +1.570796e+00   +6.542490e-03
 +0.000000e+00   +9.974428e-01   +9.974423e-01   +2.000004e-02   +2.506841e+03   -1.657588e-07   +0.000000e+00   -1.661838e-07   +0.000000e+00   +1.570796e+00   +6.542490e-03
 +3.703704e-03   +9.974403e-01   +9.974380e-01   +2.000004e-02   +2.506830e+03   +4.959204e-07   +3.460849e-15   +4.971942e-07   +3.406155e-10   -1.570796e+00   +6.544179e-03
 +7.407407e-03   +9.974327e-01   +9.974250e-01   +2.000004e-02   +2.506798e+03   +1.151219e-06   +3.027177e-14   +1.154191e-06   +1.304512e-09   +1.570796e+00   +6.549151e-03
 +1.111111e-02   +9.974201e-01   +9.974033e-01   +2.000003e-02   +2.506743e+03   +1.789755e-06   +7.816693e-14   +1.794415e-06   +2.752297e-09   +1.570796e+00   +6.557466e-03
 +1.481481e-02   +9.974025e-01   +9.973730e-01   +2.000003e-02   +2.506668e+03   +2.401043e-06   +1.421590e-13   +2.407368e-06   +4.542835e-09   +1.570796e+00   +6.569492e-03
 +1.851852e-02   +9.973799e-01   +9.973343e-01   +2.000002e-02   +2.506570e+03   +2.974591e-06   +2.162277e-13   +2.982542e-06   +6.610937e-09   +1.570796e+00   +6.585895e-03
 +2.222222e-02   +9.973525e-01   +9.972871e-01   +2.000001e-02   +2.506452e+03   +3.500042e-06   +2.951691e-13   +3.509564e-06   +8.998302e-09   +1.570796e+00   +6.607456e-03
 +2.592593e-02   +9.973202e-01   +9.972317e-01   +2.000001e-02   +2.506314e+03   +3.967374e-06   +3.760861e-13   +3.978388e-06   +1.182174e-08   +1.570796e+00   +6.634749e-03
 +2.962963e-02   +9.972833e-01   +9.971682e-01   +2.000000e-02   +2.506155e+03   +4.367138e-06   +4.591533e-13   +4.379540e-06   +1.520015e-08   +1.570796e+00   +7.041662e-03
 +3.333333e-02   +9.972418e-01   +9.970969e-01   +2.000000e-02   +2.505977e+03   +4.690742e-06   +5.475358e-13   +4.704399e-06   +1.918452e-08   +1.570796e+00   +8.047591e-03
 +3.703704e-02   +9.971958e-01   +9.970180e-01   +2.000000e-02   +2.505781e+03   +4.930759e-06   +6.465351e-13   +4.945506e-06   +2.373060e-08   +1.570796e+00   +9.049762e-03
 +4.074074e-02   +9.971456e-01   +9.969318e-01   +2.000000e-02   +2.505566e+03   +5.081242e-06   +7.621324e-13   +5.096881e-06   +2.872604e-08   +1.570796e+00   +1.001688e-02
 +4.444444e-02   +9.970912e-01   +9.968385e-01   +2.000000e-02   +2.505334e+03   +5.138033e-06   +8.991491e-13   +5.154330e-06   +3.405130e-08   +1.570796e+00   +1.092410e-02
 +4.814815e-02   +9.970329e-01   +9.967385e-01   +2.000001e-02   +2.505085e+03   +5.099032e-06   +1.059354e-12   +5.115718e-06   +3.963666e-08   +1.570796e+00   +1.175581e-02
 +5.185185e-02   +9.969709e-01   +9.966320e-01   +2.000002e-02   +2.504822e+03   +4.964413e-06   +1.240038e-12   +4.981190e-06   +4.548423e-08   +1.570796e+00   +1.250690e-02
 +5.555556e-02   +9.969054e-01   +9.965196e-01   +2.000004e-02   +2.504543e+03   +4.736759e-06   +1.433694e-12   +4.753304e-06   +5.164817e-08   +1.570796e+00   +1.318276e-02
 +5.925926e-02   +9.968366e-01   +9.964015e-01   +2.000006e-02   +2.504252e+03   +4.421100e-06   +1.629289e-12   +4.437069e-06   +5.819152e-08   +1.570796e+00   +1.379783e-02
 +6.296296e-02   +9.967647e-01   +9.962783e-01   +2.000009e-02   +2.503948e+03   +4.024831e-06   +1.815060e-12   +4.039869e-06   +6.514855e-08   +1.570796e+00   +1.437321e-02
 +6.666667e-02   +9.966900e-01   +9.961502e-01   +2.000011e-02   +2.503633e+03   +3.557513e-06   +1.982063e-12   +3.571263e-06   +7.251300e-08   +1.570796e+00   +1.493359e-02
 +7.037037e-02   +9.966128e-01   +9.960178e-01   +2.000015e-02   +2.503308e+03   +3.030550e-06   +2.127155e-12   +3.042668e-06   +8.025309e-08   +1.570796e+00   +1.550411e-02
 +7.407407e-02   +9.965333e-01   +9.958815e-01   +2.000018e-02   +2.502975e+03   +2.456763e-06   +2.254209e-12   +2.466926e-06   +8.833718e-08   +1.570796e+00   +1.610736e-02
 +7.777778e-02   +9.964518e-01   +9.957418e-01   +2.000022e-02   +2.502634e+03   +1.849867e-06   +2.373100e-12   +1.857780e-06   +9.675058e-08   +1.570796e+00   +1.676104e-02
 +8.148148e-02   +9.963686e-01   +9.955992e-01   +2.000026e-02   +2.502287e+03   +1.223870e-06   +2.497024e-12   +1.229282e-06   +1.054936e-07   +1.570796e+00   +1.747639e-02
 +8.518519e-02   +9.962839e-01   +9.954542e-01   +2.000030e-02   +2.501935e+03   +5.924384e-07   +2.639403e-12   +5.951465e-07   +1.145662e-07   +1.570796e+00   +1.825752e-02
 +8.888889e-02   +9.961981e-01   +9.953072e-01   +2.000033e-02   +2.501579e+03   -3.176368e-08   +2.811590e-12   -3.191061e-08   +1.239531e-07   +1.570796e+00   +1.910152e-02
 +9.259259e-02   +9.961114e-01   +9.951588e-01   +2.000037e-02   +2.501220e+03   -6.377097e-07   +3.021812e-12   -6.408090e-07   +1.336227e-07   +1.570796e+00   +1.999939e-02
 +9.629630e-02   +9.960242e-01   +9.950093e-01   +2.000041e-02   +2.500860e+03   -1.216591e-06   +3.274907e-12   -1.222690e-06   +1.435406e-07   +1.570796e+00   +2.093735e-02
 +1.000000e-01   +9.959366e-01   +9.948594e-01   +2.000045e-02   +2.500499e+03   -1.762302e-06   +3.572029e-12   -1.771404e-06   +1.536891e-07   +1.570796e+00   +2.189852e-02
 +1.037037e-01   +9.958490e-01   +9.947094e-01   +2.000048e-02   +2.500139e+03   -2.271798e-06   +3.909862e-12   -2.283877e-06   +1.640804e-07   +1.570796e+00   +2.286468e-02
 +1.074074e-01   +9.957617e-01   +9.945599e-01   +2.000051e-02   +2.499781e+03   -2.745304e-06   +4.279766e-12   -2.760316e-06   +1.747558e-07   +1.570796e+00   +2.381789e-02
 +1.111111e-01   +9.956749e-01   +9.944112e-01   +2.000054e-02   +2.499426e+03   -3.186356e-06   +4.667917e-12   -3.204259e-06   +1.857726e-07   +1.570796e+00   +2.474202e-02
 +1.148148e-01   +9.955888e-01   +9.942639e-01   +2.000057e-02   +2.499074e+03   -3.601672e-06   +5.057342e-12   -3.622446e-06   +1.971888e-07   +1.570796e+00   +2.562385e-02
 +1.185185e-01   +9.955038e-01   +9.941183e-01   +2.000059e-02   +2.498727e+03   -4.000856e-06   +5.431796e-12   -4.024522e-06   +2.090531e-07   +1.570796e+00   +2.645404e-02
 +1.222222e-01   +9.954201e-01   +9.939749e-01   +2.000061e-02   +2.498385e+03   -4.395941e-06   +5.780235e-12   -4.422582e-06   +2.214034e-07   +1.570796e+00   +2.722768e-02
 +1.259259e-01   +9.953378e-01   +9.938341e-01   +2.000063e-02   +2.498050e+03   -4.800794e-06   +6.100021e-12   -4.830573e-06   +2.342711e-07   +1.570796e+00   +2.794452e-02
 +1.296296e-01   +9.952574e-01   +9.936962e-01   +2.000065e-02   +2.497721e+03   -5.230406e-06   +6.397474e-12   -5.263581e-06   +2.476824e-07   +1.570796e+00   +2.860897e-02
 +1.333333e-01   +9.951789e-01   +9.935618e-01   +2.000067e-02   +2.497401e+03   -5.700096e-06   +6.685606e-12   -5.737025e-06   +2.616555e-07   +1.570796e+00   +2.922974e-02
 +1.370370e-01   +9.951026e-01   +9.934311e-01   +2.000069e-02   +2.497090e+03   -6.224672e-06   +6.980212e-12   -6.265825e-06   +2.761952e-07   +1.570796e+00   +2.981917e-02
 +1.407407e-01   +9.950287e-01   +9.933045e-01   +2.000070e-02   +2.496788e+03   -6.817605e-06   +7.296066e-12   -6.863553e-06   +2.912906e-07   +1.570796e+00   +3.039232e-02
 +1.444444e-01   +9.949574e-01   +9.931824e-01   +2.000072e-02   +2.496496e+03   -7.490230e-06   +7.644545e-12   -7.541638e-06   +3.069217e-07   +1.570796e+00   +3.096582e-02
 +1.481481e-01   +9.948890e-01   +9.930652e-01   +2.000074e-02   +2.496215e+03   -8.251048e-06   +8.032912e-12   -8.308659e-06   +3.230738e-07   +1.570796e+00   +3.155651e-02
 +1.518519e-01   +9.948236e-01   +9.929531e-01   +2.000075e-02   +2.495947e+03   -9.105140e-06   +8.464597e-12   -9.169749e-06   +3.397534e-07   +1.570796e+00   +3.218009e-02
 +1.555556e-01   +9.947615e-01   +9.928466e-01   +2.000077e-02   +2.495691e+03   -1.005373e-05   +8.939532e-12   -1.012615e-05   +3.569990e-07   +1.570796e+00   +3.284982e-02
 +1.592593e-01   +9.947027e-01   +9.927459e-01   +2.000079e-02   +2.495449e+03   -1.109391e-05   +9.454140e-12   -1.117496e-05   +3.748812e-07   +1.570796e+00   +3.357537e-02
 +1.629630e-01   +9.946476e-01   +9.926513e-01   +2.000081e-02   +2.495220e+03   -1.221858e-05   +1.000132e-11   -1.230902e-05   +3.934936e-07   +1.570796e+00   +3.436216e-02
 +1.666667e-01   +9.945962e-01   +9.925633e-01   +2.000083e-02   +2.495007e+03   -1.341655e-05   +1.057108e-11   -1.351706e-05   +4.129395e-07   +1.570796e+00   +3.521097e-02
 +1.703704e-01   +9.945488e-01   +9.924820e-01   +2.000085e-02   +2.494810e+03   -1.467285e-05   +1.115212e-11   -1.478398e-05   +4.333196e-07   +1.570796e+00   +3.611820e-02
 +1.740741e-01   +9.945055e-01   +9.924077e-01   +2.000087e-02   +2.494630e+03   -1.596920e-05   +1.173406e-11   -1.609136e-05   +4.547245e-07   +1.570796e+00   +3.707651e-02
 +1.777778e-01   +9.944665e-01   +9.923408e-01   +2.000089e-02   +2.494466e+03   -1.728468e-05   +1.230916e-11   -1.741808e-05   +4.772297e-07   +1.570796e+00   +3.807585e-02
 +1.814815e-01   +9.944318e-01   +9.922814e-01   +2.000091e-02   +2.494321e+03   -1.859644e-05   +1.287292e-11   -1.874108e-05   +5.008933e-07   +1.570796e+00   +3.910479e-02
 +1.851852e-01   +9.944018e-01   +9.922298e-01   +2.000092e-02   +2.494195e+03   -1.988058e-05   +1.342326e-11   -2.003625e-05   +5.257530e-07   +1.570796e+00   +4.015191e-02
 +1.888889e-01   +9.943763e-01   +9.921863e-01   +2.000093e-02   +2.494088e+03   -2.111303e-05   +1.395926e-11   -2.127929e-05   +5.518263e-07   +1.570796e+00   +4.120702e-02
 +1.925926e-01   +9.943557e-01   +9.921509e-01   +2.000094e-02   +2.494001e+03   -2.227045e-05   +1.448041e-11   -2.244662e-05   +5.791164e-07   +1.570796e+00   +4.226220e-02
 +1.962963e-01   +9.943399e-01   +9.921238e-01   +2.000094e-02   +2.493934e+03   -2.333110e-05   +1.498729e-11   -2.351630e-05   +6.076250e-07   +1.570796e+00   +4.331233e-02
 +2.000000e-01   +9.943291e-01   +9.921053e-01   +2.000094e-02   +2.493888e+03   -2.427565e-05   +1.548340e-11   -2.446881e-05   +6.373705e-07   +1.570796e+00   +4.435526e-02
 +2.037037e-01   +9.943232e-01   +9.920953e-01   +2.000094e-02   +2.493863e+03   -2.508786e-05   +1.597711e-11   -2.528774e-05   +6.684052e-07   +1.570796e+00   +4.539144e-02
 +2.074074e-01   +9.943225e-01   +9.920939e-01   +2.000092e-02   +2.493859e+03   -2.575517e-05   +1.648258e-11   -2.596040e-05   +7.008265e-07   +1.570796e+00   +4.642328e-02
 +2.111111e-01   +9.943267e-01   +9.921012e-01   +2.000091e-02   +2.493877e+03   -2.626904e-05   +1.701886e-11   -2.647817e-05   +7.347756e-07   +1.570796e+00   +4.745420e-02
 +2.148148e-01   +9.943361e-01   +9.921172e-01   +2.000088e-02   +2.493916e+03   -2.662523e-05   +1.760731e-11   -2.683676e-05   +7.704268e-07   +1.570796e+00   +4.848764e-02
 +2.185185e-01   +9.943505e-01   +9.921418e-01   +2.000086e-02   +2.493977e+03   -2.682375e-05   +1.826798e-11   -2.703619e-05   +8.079701e-07   -1.570796e+00   +4.952613e-02
 +2.222222e-01   +9.943699e-01   +9.921750e-01   +2.000082e-02   +2.494059e+03   -2.686876e-05   +1.901594e-11   -2.708065e-05   +8.475932e-07   -1.570796e+00   +5.057063e-02
 +2.259259e-01   +9.943942e-01   +9.922167e-01   +2.000079e-02   +2.494161e+03   -2.676818e-05   +1.985769e-11   -2.697814e-05   +8.894673e-07   -1.570796e+00   +5.162011e-02
 +2.296296e-01   +9.944234e-01   +9.922667e-01   +2.000075e-02   +2.494284e+03   -2.653318e-05   +2.078825e-11   -2.673995e-05   +9.337380e-07   -1.570796e+00   +5.267153e-02
 +2.333333e-01   +9.944574e-01   +9.923248e-01   +2.000070e-02   +2.494427e+03   -2.617753e-05   +2.178897e-11   -2.637997e-05   +9.805199e-07   -1.570796e+00   +5.372007e-02
 +2.370370e-01   +9.944960e-01   +9.923909e-01   +2.000066e-02   +2.494590e+03   -2.571680e-05   +2.282691e-11   -2.591395e-05   +1.029897e-06   -1.570796e+00   +5.475977e-02
 +2.407407e-01   +9.945392e-01   +9.924648e-01   +2.000061e-02   +2.494770e+03   -2.516750e-05   +2.385695e-11   -2.535856e-05   +1.081925e-06   -1.570796e+00   +5.578426e-02
 +2.444444e-01   +9.945867e-01   +9.925461e-01   +2.000057e-02   +2.494969e+03   -2.454619e-05   +2.482721e-11   -2.473051e-05   +1.136642e-06   -1.570796e+00   +5.678765e-02
 +2.481481e-01   +9.946385e-01   +9.926345e-01   +2.000052e-02   +2.495185e+03   -2.386853e-05   +2.568790e-11   -2.404561e-05   +1.194086e-06   -1.570796e+00   +5.776548e-02
 +2.518519e-01   +9.946942e-01   +9.927299e-01   +2.000048e-02   +2.495418e+03   -2.314843e-05   +2.640178e-11   -2.331792e-05   +1.254314e-06   -1.570796e+00   +5.889599e-02
 +2.555556e-01   +9.947538e-01   +9.928318e-01   +2.000044e-02   +2.495666e+03   -2.239725e-05   +2.695383e-11   -2.255893e-05   +1.317426e-06   -1.570796e+00   +6.036877e-02
 +2.592593e-01   +9.948170e-01   +9.929399e-01   +2.000040e-02   +2.495928e+03   -2.162315e-05   +2.735719e-11   -2.177687e-05   +1.383586e-06   -1.570796e+00   +6.184008e-02
 +2.629630e-01   +9.948836e-01   +9.930539e-01   +2.000036e-02   +2.496204e+03   -2.083051e-05   +2.765353e-11   -2.097618e-05   +1.453025e-06   -1.570796e+00   +6.355391e-02
 +2.666667e-01   +9.949535e-01   +9.931733e-01   +2.000033e-02   +2.496493e+03   -2.001961e-05   +2.790734e-11   -2.015719e-05   +1.526044e-06   -1.570796e+00   +6.567153e-02
 +2.703704e-01   +9.950262e-01   +9.932979e-01   +2.000030e-02   +2.496794e+03   -1.918649e-05   +2.819545e-11   -1.931592e-05   +1.602991e-06   -1.570796e+00   +6.786589e-02
 +2.740741e-01   +9.951017e-01   +9.934271e-01   +2.000028e-02   +2.497106e+03   -1.832296e-05   +2.859382e-11   -1.844416e-05   +1.684245e-06   -1.570796e+00   +7.013297e-02
 +2.777778e-01   +9.951797e-01   +9.935605e-01   +2.000026e-02   +2.497427e+03   -1.741690e-05   +2.916432e-11   -1.752976e-05   +1.770188e-06   -1.570796e+00   +7.246815e-02
 +2.814815e-01   +9.952599e-01   +9.936978e-01   +2.000024e-02   +2.497758e+03   -1.645278e-05   +2.994375e-11   -1.655710e-05   +1.861183e-06   -1.570796e+00   +7.486781e-02
 +2.851852e-01   +9.953421e-01   +9.938385e-01   +2.000022e-02   +2.498096e+03   -1.541228e-05   +3.093689e-11   -1.550780e-05   +1.957556e-06   -1.570796e+00   +7.733096e-02
 +2.888889e-01   +9.954260e-01   +9.939822e-01   +2.000020e-02   +2.498442e+03   -1.427520e-05   +3.211471e-11   -1.436159e-05   +2.059597e-06   -1.570796e+00   +7.986035e-02
 +2.925926e-01   +9.955114e-01   +9.941283e-01   +2.000019e-02   +2.498794e+03   -1.302041e-05   +3.341819e-11   -1.309728e-05   +2.167556e-06   -1.570796e+00   +8.246288e-02
 +2.962963e-01   +9.955979e-01   +9.942765e-01   +2.000017e-02   +2.499151e+03   -1.162695e-05   +3.476732e-11   -1.169385e-05   +2.281653e-06   -1.570796e+00   +8.514915e-02
 +3.000000e-01   +9.956853e-01   +9.944263e-01   +2.000015e-02   +2.499511e+03   -1.007516e-05   +3.607437e-11   -1.013160e-05   +2.402103e-06   -1.570796e+00   +8.793222e-02
 +3.037037e-01   +9.957734e-01   +9.945771e-01   +2.000013e-02   +2.499875e+03   -8.347809e-06   +3.725929e-11   -8.393288e-06   +2.529129e-06   -1.570796e+00   +9.082561e-02
 +3.074074e-01   +9.958617e-01   +9.947285e-01   +2.000011e-02   +2.500241e+03   -6.431126e-06   +3.826469e-11   -6.465169e-06   +2.662990e-06   -1.570796e+00   +9.384107e-02
 +3.111111e-01   +9.959501e-01   +9.948800e-01   +2.000009e-02   +2.500607e+03   -4.315791e-06   +3.906739e-11   -4.337962e-06   +2.803998e-06   -1.570796e+00   +9.698642e-02
 +3.148148e-01   +9.960382e-01   +9.950311e-01   +2.000007e-02   +2.500973e+03   -1.997702e-06   +3.968382e-11   -2.007638e-06   +2.952537e-06   -1.570796e+00   +1.002638e-01
 +3.185185e-01   +9.961258e-01   +9.951812e-01   +2.000004e-02   +2.501337e+03   +5.214400e-07   +4.016773e-11   +5.240053e-07   +3.109074e-06   -1.570796e+00   +1.036690e-01
 +3.222222e-01   +9.962125e-01   +9.953299e-01   +2.000001e-02   +2.501698e+03   +3.233791e-06   +4.059990e-11   +3.249005e-06   +3.274162e-06   -1.570796e+00   +1.071913e-01
 +3.259259e-01   +9.962981e-01   +9.954766e-01   +1.999999e-02   +2.502055e+03   +6.125298e-06   +4.107183e-11   +6.153172e-06   +3.448438e-06   -1.570796e+00   +1.108149e-01
 +3.296296e-01   +9.963823e-01   +9.956209e-01   +1.999996e-02   +2.502406e+03   +9.175900e-06   +4.166689e-11   +9.216301e-06   +3.632610e-06   -1.570796e+00   +1.145213e-01
 +3.333333e-01   +9.964647e-01   +9.957621e-01   +1.999993e-02   +2.502750e+03   +1.236001e-05   +4.244306e-11   +1.241265e-05   +3.827435e-06   -1.570796e+00   +1.182916e-01
 +3.370370e-01   +9.965450e-01   +9.958999e-01   +1.999991e-02   +2.503087e+03   +1.564723e-05   +4.342096e-11   +1.571170e-05   +4.033697e-06   -1.570796e+00   +1.221094e-01
 +3.407407e-01   +9.966231e-01   +9.960337e-01   +1.999988e-02   +2.503414e+03   +1.900335e-05   +4.457945e-11   +1.907907e-05   +4.252177e-06   -1.570796e+00   +1.259640e-01
 +3.444444e-01   +9.966986e-01   +9.961631e-01   +1.999986e-02   +2.503731e+03   +2.239144e-05   +4.585846e-11   +2.247773e-05   +4.483645e-06   -1.570796e+00   +1.298515e-01
 +3.481481e-01   +9.967713e-01   +9.962876e-01   +1.999985e-02   +2.504036e+03   +2.577315e-05   +4.716769e-11   +2.586923e-05   +4.728849e-06   -1.570796e+00   +1.337765e-01
 +3.518519e-01   +9.968408e-01   +9.964069e-01   +1.999984e-02   +2.504328e+03   +2.911010e-05   +4.839860e-11   +2.921512e-05   +4.988523e-06   -1.570796e+00   +1.377517e-01
 +3.555556e-01   +9.969071e-01   +9.965204e-01   +1.999984e-02   +2.504606e+03   +3.236521e-05   +4.943815e-11   +3.247827e-05   +5.263414e-06   -1.570796e+00   +1.417969e-01
 +3.592593e-01   +9.969699e-01   +9.966278e-01   +1.999984e-02   +2.504869e+03   +3.550408e-05   +5.018317e-11   +3.562426e-05   +5.554305e-06   -1.570796e+00   +1.459370e-01
 +3.629630e-01   +9.970289e-01   +9.967288e-01   +1.999985e-02   +2.505116e+03   +3.849612e-05   +5.055514e-11   +3.862252e-05   +5.862044e-06   -1.570796e+00   +1.501999e-01
 +3.666667e-01   +9.970840e-01   +9.968231e-01   +1.999987e-02   +2.505346e+03   +4.131561e-05   +5.051412e-11   +4.144733e-05   +6.187577e-06   -1.570796e+00   +1.546135e-01
 +3.703704e-01   +9.971350e-01   +9.969105e-01   +1.999990e-02   +2.505559e+03   +4.394239e-05   +5.006934e-11   +4.407862e-05   +6.531957e-06   -1.570796e+00   +1.592040e-01
 +3.740741e-01   +9.971818e-01   +9.969905e-01   +1.999994e-02   +2.505753e+03   +4.636236e-05   +4.928292e-11   +4.650236e-05   +6.896369e-06   -1.570796e+00   +1.639939e-01
 +3.777778e-01   +9.972242e-01   +9.970631e-01   +1.999998e-02   +2.505929e+03   +4.856762e-05   +4.826325e-11   +4.871072e-05   +7.282130e-06   -1.570796e+00   +1.690011e-01
 +3.814815e-01   +9.972622e-01   +9.971281e-01   +2.000002e-02   +2.506086e+03   +5.055630e-05   +4.714725e-11   +5.070196e-05   +7.690698e-06   -1.570796e+00   +1.742383e-01
 +3.851852e-01   +9.972957e-01   +9.971852e-01   +2.000008e-02   +2.506223e+03   +5.233214e-05   +4.607398e-11   +5.247991e-05   +8.123662e-06   -1.570796e+00   +1.797139e-01
 +3.888889e-01   +9.973245e-01   +9.972345e-01   +2.000014e-02   +2.506341e+03   +5.390368e-05   +4.515582e-11   +5.405321e-05   +8.582736e-06   -1.570796e+00   +1.854321e-01
 +3.925926e-01   +9.973487e-01   +9.972757e-01   +2.000020e-02   +2.506438e+03   +5.528332e-05   +4.445471e-11   +5.543438e-05   +9.069737e-06   -1.570796e+00   +1.913942e-01
 +3.962963e-01   +9.973681e-01   +9.973089e-01   +2.000026e-02   +2.506515e+03   +5.648604e-05   +4.396946e-11   +5.663850e-05   +9.586567e-06   -1.570796e+00   +1.975997e-01
 +4.000000e-01   +9.973828e-01   +9.973339e-01   +2.000032e-02   +2.506572e+03   +5.752812e-05   +4.363654e-11   +5.768195e-05   +1.013519e-05   -1.570796e+00   +2.040465e-01
 +4.037037e-01   +9.973927e-01   +9.973507e-01   +2.000039e-02   +2.506609e+03   +5.842563e-05   +4.334215e-11   +5.858088e-05   +1.071760e-05   -1.570796e+00   +2.107317e-01
 +4.074074e-01   +9.973979e-01   +9.973594e-01   +2.000045e-02   +2.506625e+03   +5.919308e-05   +4.294020e-11   +5.934985e-05   +1.133583e-05   -1.570796e+00   +2.176521e-01
 +4.111111e-01   +9.973982e-01   +9.973598e-01   +2.000051e-02   +2.506621e+03   +5.984202e-05   +4.227057e-11   +6.000047e-05   +1.199197e-05   -1.570796e+00   +2.248039e-01
 +4.148148e-01   +9.973939e-01   +9.973521e-01   +2.000057e-02   +2.506597e+03   +6.037988e-05   +4.117347e-11   +6.054022e-05   +1.268815e-05   -1.570796e+00   +2.321827e-01
 +4.185185e-01   +9.973847e-01   +9.973363e-01   +2.000063e-02   +2.506553e+03   +6.080908e-05   +3.949889e-11   +6.097153e-05   +1.342660e-05   -1.570796e+00   +2.397845e-01
 +4.222222e-01   +9.973709e-01   +9.973123e-01   +2.000069e-02   +2.506489e+03   +6.112630e-05   +3.711236e-11   +6.129106e-05   +1.420972e-05   -1.570796e+00   +2.476051e-01
 +4.259259e-01   +9.973524e-01   +9.972804e-01   +2.000074e-02   +2.506405e+03   +6.132217e-05   +3.389844e-11   +6.148943e-05   +1.504008e-05   -1.570796e+00   +2.556416e-01
 +4.296296e-01   +9.973292e-01   +9.972405e-01   +2.000079e-02   +2.506302e+03   +6.138125e-05   +2.976285e-11   +6.155113e-05   +1.592049e-05   -1.570796e+00   +2.638930e-01
 +4.333333e-01   +9.973015e-01   +9.971927e-01   +2.000084e-02   +2.506179e+03   +6.128234e-05   +2.463255e-11   +6.145489e-05   +1.685407e-05   -1.570796e+00   +2.723612e-01
 +4.370370e-01   +9.972693e-01   +9.971371e-01   +2.000088e-02   +2.506037e+03   +6.099920e-05   +1.845281e-11   +6.117436e-05   +1.784424e-05   -1.570796e+00   +2.810516e-01
 +4.407407e-01   +9.972326e-01   +9.970740e-01   +2.000093e-02   +2.505877e+03   +6.050151e-05   +1.118131e-11   +6.067907e-05   +1.889474e-05   -1.570796e+00   +2.899741e-01
 +4.444444e-01   +9.971916e-01   +9.970033e-01   +2.000097e-02   +2.505698e+03   +5.975616e-05   +2.781159e-12   +5.993577e-05   +2.000968e-05   -1.570796e+00   +2.991426e-01
 +4.481481e-01   +9.971464e-01   +9.969253e-01   +2.000102e-02   +2.505502e+03   +5.872873e-05   -6.783964e-12   +5.890986e-05   +2.119347e-05   -1.570796e+00   +3.085751e-01
 +4.518519e-01   +9.970970e-01   +9.968402e-01   +2.000106e-02   +2.505288e+03   +5.738516e-05   -1.755000e-11   +5.756705e-05   +2.245083e-05   -1.570796e+00   +3.182923e-01
 +4.555556e-01   +9.970436e-01   +9.967482e-01   +2.000111e-02   +2.505057e+03   +5.569339e-05   -2.954770e-11   +5.587506e-05   +2.378676e-05   -1.570796e+00   +3.283163e-01
 +4.592593e-01   +9.969863e-01   +9.966494e-01   +2.000117e-02   +2.504811e+03   +5.362507e-05   -4.279575e-11   +5.380531e-05   +2.520652e-05   -1.570796e+00   +3.386691e-01
 +4.629630e-01   +9.969253e-01   +9.965443e-01   +2.000123e-02   +2.504549e+03   +5.115719e-05   -5.729693e-11   +5.133452e-05   +2.671558e-05   -1.570796e+00   +3.493710e-01
 +4.666667e-01   +9.968608e-01   +9.964331e-01   +2.000129e-02   +2.504272e+03   +4.827349e-05   -7.304178e-11   +4.844622e-05   +2.831967e-05   -1.570796e+00   +3.604393e-01
 +4.703704e-01   +9.967928e-01   +9.963161e-01   +2.000136e-02   +2.503982e+03   +4.496574e-05   -9.002193e-11   +4.513191e-05   +3.002471e-05   -1.570796e+00   +3.718873e-01
 +4.740741e-01   +9.967218e-01   +9.961937e-01   +2.000144e-02   +2.503680e+03   +4.123466e-05   -1.082502e-10   +4.139210e-05   +3.183694e-05   -1.570796e+00   +3.837245e-01
 +4.777778e-01   +9.966477e-01   +9.960663e-01   +2.000152e-02   +2.503366e+03   +3.709058e-05   -1.277823e-10   +3.723693e-05   +3.376292e-05   -1.570796e+00   +3.959568e-01
 +4.814815e-01   +9.965710e-01   +9.959342e-01   +2.000161e-02   +2.503041e+03   +3.255362e-05   -1.487319e-10   +3.268637e-05   +3.580963e-05   -1.570796e+00   +4.085870e-01
 +4.851852e-01   +9.964918e-01   +9.957979e-01   +2.000171e-02   +2.502708e+03   +2.765361e-05   -1.712769e-10   +2.777013e-05   +3.798457e-05   -1.570795e+00   +4.216167e-01
 +4.888889e-01   +9.964104e-01   +9.956579e-01   +2.000181e-02   +2.502366e+03   +2.242944e-05   -1.956529e-10   +2.252706e-05   +4.029579e-05   -1.570795e+00   +4.350474e-01
 +4.925926e-01   +9.963270e-01   +9.955146e-01   +2.000191e-02   +2.502018e+03   +1.692817e-05   -2.221400e-10   +1.700421e-05   +4.275201e-05   -1.570795e+00   +4.488813e-01
 +4.962963e-01   +9.962420e-01   +9.953686e-01   +2.000202e-02   +2.501665e+03   +1.120370e-05   -2.510460e-10   +1.125558e-05   +4.536266e-05   -1.570795e+00   +4.631233e-01
 +5.000000e-01   +9.961556e-01   +9.952202e-01   +2.000214e-02   +2.501307e+03   +5.315249e-06   -2.826924e-10   +5.340492e-06   +4.813788e-05   -1.570795e+00   +4.777807e-01
 +9.924717e-01            +nan            +nan            +nan            +nan            +nan            +nan            +nan            +nan            +nan            +nan
