# X-displacement field (m)
# shape: (64, 32)
0.000000000000000000e+00 1.326549317802298801e-03 2.604052963758836988e-03 3.818334198336546456e-03 4.960641837190193915e-03 6.025222659479159866e-03 7.008547303307305874e-03 7.908975932792421809e-03 8.726536892639802367e-03 9.462719869626755667e-03 1.012025702727326060e-02 1.070289160463314994e-02 1.121514271393469347e-02 1.166207710964195163e-02 1.204909748577862906e-02 1.238175433017871252e-02 1.266558555172514131e-02 1.290598552955083897e-02 1.310810314620604843e-02 1.327676681956226241e-02 1.341643350227408361e-02 1.353115798379863829e-02 1.362457849213954270e-02 1.369991440786923198e-02 1.375997166990737368e-02 1.380715081591387360e-02 1.384345082533951568e-02 1.387045744682564516e-02 1.388929469233687701e-02 1.390050312683308031e-02 1.390384320067608072e-02 1.390384320067608072e-02
0.000000000000000000e+00 1.326549317802298801e-03 2.604052963758836988e-03 3.818334198336546456e-03 4.960641837190193915e-03 6.025222659479159866e-03 7.008547303307305874e-03 7.908975932792421809e-03 8.726536892639802367e-03 9.462719869626755667e-03 1.012025702727326060e-02 1.070289160463314994e-02 1.121514271393469347e-02 1.166207710964195163e-02 1.204909748577862906e-02 1.238175433017871252e-02 1.266558555172514131e-02 1.290598552955083897e-02 1.310810314620604843e-02 1.327676681956226241e-02 1.341643350227408361e-02 1.353115798379863829e-02 1.362457849213954270e-02 1.369991440786923198e-02 1.375997166990737368e-02 1.380715081591387360e-02 1.384345082533951568e-02 1.387045744682564516e-02 1.388929469233687701e-02 1.390050312683308031e-02 1.390384320067608072e-02 1.390384320067608072e-02
0.000000000000000000e+00 1.365505797989435962e-03 2.671989820627860418e-03 3.910958037273907888e-03 5.075257571765666616e-03 6.159647921714503198e-03 7.160790473384662409e-03 8.077146197850585199e-03 8.908832300164754373e-03 9.657440024632962111e-03 1.032581982091504251e-02 1.091784608265852427e-02 1.143817575195430966e-02 1.189201405593580223e-02 1.228489794140146148e-02 1.262250449306981555e-02 1.291048844329864900e-02 1.315435016365658176e-02 1.335933340739509610e-02 1.353035054592551661e-02 1.367193203637107231e-02 1.378819625941959601e-02 1.388283554695443275e-02 1.395911402630107580e-02 1.401987264125391375e-02 1.406753603960085412e-02 1.410411428664757293e-02 1.413118801129818920e-02 1.414985386052027005e-02 1.416056789866001510e-02 1.416264332461144269e-02 1.416264332461144269e-02
0.000000000000000000e+00 1.427644614338897510e-03 2.786106917328298391e-03 4.070049311642084597e-03 5.273948658604255858e-03 6.393319543650829821e-03 7.425216760536630309e-03 8.368382373824834533e-03 9.223205968328254331e-03 9.991575465657289573e-03 1.067666327423165244e-02 1.128267946963348173e-02 1.181461603003399093e-02 1.227799991308006593e-02 1.267866722330525733e-02 1.302256594806578197e-02 1.331559086117347149e-02 1.356345122805235025e-02 1.377156981724971668e-02 1.394501029681768749e-02 1.408842921574505851e-02 1.420604828475208713e-02 1.430164242701564836e-02 1.437853891714427346e-02 1.443962270143303236e-02 1.448734250255017536e-02 1.452371136506181055e-02 1.455029395395753336e-02 1.456817298091774536e-02 1.457790138154146931e-02 1.457956328038124798e-02 1.457956328038124798e-02
0.000000000000000000e+00 1.510906651950618936e-03 2.943686403098808718e-03 4.293744483201401146e-03 5.556210171104973734e-03 6.727055340446032490e-03 7.803714118372074952e-03 8.785332256573682302e-03 9.672770405914835404e-03 1.046845387422127259e-02 1.117613534075634005e-02 1.180061801034613250e-02 1.234747227379593554e-02 1.282276769465319315e-02 1.323283348289327858e-02 1.358405418356294601e-02 1.388270274132256780e-02 1.413481002046802944e-02 1.434606790349560700e-02 1.452176194712196874e-02 1.466672898925566043e-02 1.478533487556118152e-02 1.488146745825840930e-02 1.495854010102452142e-02 1.501950103889592054e-02 1.506684412631088821e-02 1.510261706412508766e-02 1.512842520475906304e-02 1.514543571170703234e-02 1.515440614624739835e-02 1.515579797644933495e-02 1.515579797644933495e-02
0.000000000000000000e+00 1.615796203035850575e-03 3.145407707193939063e-03 4.583247039535186251e-03 5.923988500246800404e-03 7.163513158999919826e-03 8.299467955876452252e-03 9.331474373524936000e-03 1.026107611949096318e-02 1.109152013084598910e-02 1.182744956711169644e-02 1.247456651025227216e-02 1.303930259824847247e-02 1.352852024958452193e-02 1.394925585765333098e-02 1.430850877294434845e-02 1.461307517519524861e-02 1.486942322615782651e-02 1.508360450645487502e-02 1.526119618104461798e-02 1.540726826872076093e-02 1.552637059315769077e-02 1.562253433475398710e-02 1.569928352201407570e-02 1.575965231117023441e-02 1.580620463078299606e-02 1.584105404902731370e-02 1.586588422745499258e-02 1.588197497026586774e-02 1.589024511636632706e-02 1.589132277010853883e-02 1.589132277010853883e-02
0.000000000000000000e+00 1.744202374629602332e-03 3.394396335397767764e-03 4.942584532516903703e-03 6.381946952648235791e-03 7.707702015390060189e-03 8.917537330819985675e-03 1.001165974225750981e-02 1.099257415439802710e-02 1.186470693471424441e-02 1.263396783680904335e-02 1.330731462335799607e-02 1.389235786505358013e-02 1.439702365065569263e-02 1.482927914624320234e-02 1.519691855776353177e-02 1.550740333813790256e-02 1.576774901500703485e-02 1.598445080376797306e-02 1.616344058727309241e-02 1.631006852725229439e-02 1.642910333416193469e-02 1.652474598034305020e-02 1.660065238551353822e-02 1.665996138015267067e-02 1.670532516490176936e-02 1.673894068352491105e-02 1.676258191423033936e-02 1.677763472533567654e-02 1.678513590853347032e-02 1.678581218481107334e-02 1.678581218481107334e-02
0.000000000000000000e+00 1.899178446698699362e-03 3.695993882106975419e-03 5.378592279177353726e-03 6.937663196094608596e-03 8.367291593636094066e-03 9.665179508719323048e-03 1.083239321292228316e-02 1.187283175205550503e-02 1.279258498755114770e-02 1.359929597223663231e-02 1.430159157146973850e-02 1.490860794030165158e-02 1.542961460229700342e-02 1.587372904013238661e-02 1.624970891798513048e-02 1.656580817811474302e-02 1.682968424245331537e-02 1.704834522947909145e-02 1.722812787019280950e-02 1.737469841794038808e-02 1.749307022056023619e-02 1.758763277470999295e-02 1.766218806654592383e-02 1.771999089121025980e-02 1.776379070302121221e-02 1.779587340294867120e-02 1.781810220529776723e-02 1.783195690952380646e-02 1.783856963157713985e-02 1.783875132217007525e-02 1.783875132217007525e-02
0.000000000000000000e+00 2.085176285301065541e-03 4.058109576899018855e-03 5.901319016586704588e-03 7.602016621054176471e-03 9.152916755833387721e-03 1.055203981811964585e-02 1.180191152086387807e-02 1.290852308274906615e-02 1.388029784796256973e-02 1.472719120941448981e-02 1.545996736210735953e-02 1.608964978812892424e-02 1.662712187900011046e-02 1.708284864514982015e-02 1.746669219757607944e-02 1.778779805447207665e-02 1.805453405784789023e-02 1.827446784569291410e-02 1.845437215609134138e-02 1.860024978347784089e-02 1.871737191204955048e-02 1.881032498109630816e-02 1.888306233497324266e-02 1.893895778556897724e-02 1.898085893126732690e-02 1.901113863151625630e-02 1.903174332761383217e-02 1.904423670158439039e-02 1.904983620359523150e-02 1.904943826569527668e-02 1.904943826569527668e-02
0.000000000000000000e+00 2.308676158329703906e-03 4.492147977903428527e-03 6.524925894622528831e-03 8.389848269788689750e-03 1.007852640143327809e-02 1.159021990906734627e-02 1.293005107292577623e-02 1.410718414547311970e-02 1.513327584547523481e-02 1.602128392630001313e-02 1.678460969509861997e-02 1.743651075549822183e-02 1.798971668472734015e-02 1.845619074877438009e-02 1.884699412656776901e-02 1.917222103821513909e-02 1.944098243939470366e-02 1.966142265882653978e-02 1.984075803590153175e-02 1.998532981334378428e-02 2.010066571397069526e-02 2.019154612268068277e-02 2.026207184175129669e-02 2.031573114133981492e-02 2.035546436902544234e-02 2.038372473003879567e-02 2.040253396462485616e-02 2.041353146282690739e-02 2.041801485331145791e-02 2.041696946167740126e-02 2.041696946167740126e-02
0.000000000000000000e+00 2.579408708091922384e-03 5.014718978467822864e-03 7.269182238651218479e-03 9.320877988284697116e-03 1.116168771710185706e-02 1.279411855217821997e-02 1.422782102463835199e-02 1.547668340582166423e-02 1.655671478625865556e-02 1.748462427849107118e-02 1.827692175577494069e-02 1.894937829170293200e-02 1.951672343848772848e-02 1.999249427179487434e-02 2.038898010335091562e-02 2.071722682397563603e-02 2.098707799628556081e-02 2.120723817653483168e-02 2.138534916091473434e-02 2.152807307806304735e-02 2.164117824762298165e-02 2.172962497738979010e-02 2.179764927512626432e-02 2.184884297827233493e-02 2.188622914570068079e-02 2.191233174509060397e-02 2.192923871012358861e-02 2.193865733534589024e-02 2.194196076928581207e-02 2.194022419483340064e-02 2.194022419483340064e-02
0.000000000000000000e+00 2.912723022971548583e-03 5.650614236587576771e-03 8.161681498501712623e-03 1.042070758548066696e-02 1.242356772196200228e-02 1.417980112474437164e-02 1.570652870379244878e-02 1.702434499336459225e-02 1.815482103201119732e-02 1.911909245550158509e-02 1.993711526917253327e-02 2.062731239850022769e-02 2.120644181018873156e-02 2.168958717108058348e-02 2.209021451024311897e-02 2.242026309930686065e-02 2.269025283991273068e-02 2.290939831539013510e-02 2.308572400162468147e-02 2.322617749492301639e-02 2.333673889104848423e-02 2.342252513917754408e-02 2.348788857218524206e-02 2.353650902528536468e-02 2.357147906842287435e-02 2.359538192223524164e-02 2.361036161391602897e-02 2.361818487376335374e-02 2.362029421649853092e-02 2.361785166901341979e-02 2.361785166901341979e-02
0.000000000000000000e+00 3.334460529679164273e-03 6.437924863269832605e-03 9.240709050772592456e-03 1.172134263625086541e-02 1.388800918408436211e-02 1.576351652164995759e-02 1.737629278290003798e-02 1.875571218488115283e-02 1.992989237012975784e-02 2.092477248287693062e-02 2.176381949199368213e-02 2.246802821326861557e-02 2.305604961896669594e-02 2.354436802526387734e-02 2.394749041575170573e-02 2.427813189575311545e-02 2.454739107765269504e-02 2.476491362364612037e-02 2.493904400032213864e-02 2.507696611481358487e-02 2.518483358831166002e-02 2.526789030903593691e-02 2.533058174412195634e-02 2.537665733937893506e-02 2.540926421479404798e-02 2.543103227090581439e-02 2.544415075304116286e-02 2.545043628188154231e-02 2.545139237030322535e-02 2.544826054221132131e-02 2.544826054221132131e-02
0.000000000000000000e+00 3.891766880973882882e-03 7.436387553966530665e-03 1.055765128028470293e-02 1.325971897066090081e-02 1.557868969847404916e-02 1.755893208504324607e-02 1.924389164873499536e-02 2.067307199357137568e-02 2.188140036873741784e-02 2.289943742101365268e-02 2.375383388984183414e-02 2.446781440369428379e-02 2.506161642973073547e-02 2.555286855603548790e-02 2.595691196286603608e-02 2.628707439578070737e-02 2.655490614234709557e-02 2.677038601350545388e-02 2.694210352638822664e-02 2.707742186969621517e-02 2.718262493958855178e-02 2.726305076065454677e-02 2.732321290427540406e-02 2.736691102776477383e-02 2.739733132957092310e-02 2.741713750706783331e-02 2.742855268638757019e-02 2.743343275574725362e-02 2.743333157649337217e-02 2.742955868120129995e-02 2.742955868120129995e-02
0.000000000000000000e+00 4.676856958852113229e-03 8.735600174939038565e-03 1.217224021086414469e-02 1.506910938124047562e-02 1.751116469094286116e-02 1.957094790188891945e-02 2.130817287535658605e-02 2.277198129831409928e-02 2.400320449288063929e-02 2.503614838609380389e-02 2.589992034190695749e-02 2.661940573711172459e-02 2.721599414775033657e-02 2.770813027705722881e-02 2.811174253882764776e-02 2.844058566270266444e-02 2.870652209386642673e-02 2.891975901352083003e-02 2.908905239956003849e-02 2.922188587495119436e-02 2.932462960138062721e-02 2.940268279360862616e-02 2.946060230275316869e-02 2.950221897261949902e-02 2.953074299547630427e-02 2.954885920425515816e-02 2.955881308738102578e-02 2.956248827253890252e-02 2.956147628553791942e-02 2.955713955048163907e-02 2.955713955048163907e-02
0.000000000000000000e+00 5.823077494743536357e-03 1.038309533868680273e-02 1.406748412961468693e-02 1.709850561313147263e-02 1.961821489313621963e-02 2.172506851707634717e-02 2.349162146266673898e-02 2.497387307971308049e-02 2.621656379253201399e-02 2.725635857529069492e-02 2.812386015648011411e-02 2.884494172325152012e-02 2.944166745161679727e-02 2.993295458603530829e-02 3.033506848776367643e-02 3.066200672052259851e-02 3.092580742705987665e-02 3.113680459947804416e-02 3.130384495274805834e-02 3.143447608311867453e-02 3.153511234376670663e-02 3.161118275321473520e-02 3.166726387255135861e-02 3.170719969714376474e-02 3.173421004866771450e-02 3.175098862210446599e-02 3.175979167599649045e-02 3.176251831532272280e-02 3.176078338651071309e-02 3.175598417883056246e-02 3.175598417883056246e-02
0.000000000000000000e+00 6.300281843380501311e-03 1.105417766972099057e-02 1.482761456141574834e-02 1.790320496174092890e-02 2.044641154785249715e-02 2.256585372510015730e-02 2.433893372247072570e-02 2.582415665268911545e-02 2.706765252784548367e-02 2.810690555352254177e-02 2.897302726546007595e-02 2.969222054185120113e-02 3.028677013518179736e-02 3.077574401638948076e-02 3.117551156325182662e-02 3.150014196763183810e-02 3.176172191551750873e-02 3.197061719049699990e-02 3.213569405008655927e-02 3.226451071233579770e-02 3.236348577650498270e-02 3.243804813863863240e-02 3.249277150266997871e-02 3.253149565412585126e-02 3.255743608259652894e-02 3.257328320029357488e-02 3.258129223776960737e-02 3.258336486270312082e-02 3.258112364195019789e-02 3.257598064412818573e-02 3.257598064412818573e-02
0.000000000000000000e+00 5.618283938071313294e-03 1.012608545657356710e-02 1.379135810200892744e-02 1.681057473624584728e-02 1.932004052655185086e-02 2.141704052106850609e-02 2.317400799964937363e-02 2.464702628976786838e-02 2.588092863977344352e-02 2.691244488455331318e-02 2.777221506884786084e-02 2.848612883349493918e-02 2.907625186648857274e-02 2.956149221003274638e-02 2.995809822746062570e-02 3.028004478396528407e-02 3.053934323565575190e-02 3.074629802720790783e-02 3.090972470833144858e-02 3.103713909750043312e-02 3.113492404760539317e-02 3.120847814560293379e-02 3.126234930417481905e-02 3.130035532501154738e-02 3.132569296895718058e-02 3.134103675375175813e-02 3.134862854907349838e-02 3.135035901045606782e-02 3.134784196647971005e-02 3.134248303967621108e-02 3.134248303967621108e-02
0.000000000000000000e+00 4.693411726233634625e-03 8.725946235862517067e-03 1.213648280822006084e-02 1.500960666450994532e-02 1.742936343731107257e-02 1.946786844853982262e-02 2.118477623742593546e-02 2.262929152236458838e-02 2.384232290596512843e-02 2.485823378801062938e-02 2.570616302826871091e-02 2.641100377862802898e-02 2.699413361331925998e-02 2.747396919763898937e-02 2.786639810614917681e-02 2.818512425754408218e-02 2.844195186851097498e-02 2.864702482610648540e-02 2.880903291936740343e-02 2.893539267219610162e-02 2.903240802615873750e-02 2.910541445299271238e-02 2.915890897358055026e-02 2.919666784717202951e-02 2.922185325231371061e-02 2.923711002853408153e-02 2.924465343173058424e-02 2.924634884241826896e-02 2.924378443523582144e-02 2.923833796263625856e-02 2.923833796263625856e-02
0.000000000000000000e+00 3.904197650712472063e-03 7.425705070525960398e-03 1.051258745369297760e-02 1.317833764309629500e-02 1.546175285019755000e-02 1.740794747362934408e-02 1.906060557139145975e-02 2.045933696069958743e-02 2.163912944355182028e-02 2.263057617348371298e-02 2.346033566111922763e-02 2.415161688073610285e-02 2.472461986399213107e-02 2.519691622186305893e-02 2.558377335727988339e-02 2.589843153821472926e-02 2.615234317952484441e-02 2.635538218044510342e-02 2.651602937312330655e-02 2.664153854935392973e-02 2.673808627856189696e-02 2.681090780328887480e-02 2.686442064750910880e-02 2.690233713921908604e-02 2.692776677938496163e-02 2.694330924235397232e-02 2.695113873679818792e-02 2.695308046941454622e-02 2.695068002259198500e-02 2.694526657584032578e-02 2.694526657584032578e-02
0.000000000000000000e+00 3.302866728080560040e-03 6.363240582065310055e-03 9.116550261329339419e-03 1.154609233775477119e-02 1.366258233617164038e-02 1.548995145587590133e-02 1.705710545828989858e-02 1.839362699600976050e-02 1.952772632581106435e-02 2.048537608152672593e-02 2.129003729906770240e-02 2.196266637331139443e-02 2.252184669373509876e-02 2.298396877736958582e-02 2.336342311096098814e-02 2.367278979266227573e-02 2.392301856549512024e-02 2.412359718321732335e-02 2.428270789520391854e-02 2.440737251077874231e-02 2.450358666311178504e-02 2.457644385605900830e-02 2.463024979091247776e-02 2.466862739597031062e-02 2.469461294140308169e-02 2.471074361798094449e-02 2.471913698661705114e-02 2.472156276056655666e-02 2.471950745857915202e-02 2.471423256217729694e-02 2.471423256217729694e-02
0.000000000000000000e+00 2.839535754093229503e-03 5.505849472438989999e-03 7.945699192597346569e-03 1.013480147251614831e-02 1.207012443044076615e-02 1.376194493387935570e-02 1.522780542755595296e-02 1.648852603595181432e-02 1.756578930213627959e-02 1.848076966423062989e-02 1.925340744993343789e-02 1.990206349770299796e-02 2.044339213360774760e-02 2.089233650525612954e-02 2.126219073153129413e-02 2.156469713229899193e-02 2.181016050349596572e-02 2.200756917961331494e-02 2.216471700192677516e-02 2.228832276557735428e-02 2.238414510164809385e-02 2.245709154336503546e-02 2.251132099782630208e-02 2.255033914451367444e-02 2.257708648922220063e-02 2.259401895886307618e-02 2.260318104996909133e-02 2.260627165167439223e-02 2.260470275660986933e-02 2.259965135140469539e-02 2.259965135140469539e-02
0.000000000000000000e+00 2.468140712699565340e-03 4.800340419332325970e-03 6.957181185826648122e-03 8.915881333046314985e-03 1.066826587274442677e-02 1.221702726837149526e-02 1.357201947385118686e-02 1.474728578467776087e-02 1.575892787596113939e-02 1.662368357060141702e-02 1.735802841180629150e-02 1.797763819893842888e-02 1.849709028924122547e-02 1.892971887570864958e-02 1.928756785391782733e-02 1.958140462145190400e-02 1.982077121802550829e-02 2.001405763479621389e-02 2.016858747309736855e-02 2.029070951936171735e-02 2.038589095478725299e-02 2.045880930278064919e-02 2.051344112681416365e-02 2.055314610587566371e-02 2.058074554317331634e-02 2.059859467131617758e-02 2.060864834210686392e-02 2.061251985322095151e-02 2.061153277903451583e-02 2.060676574341231346e-02 2.060676574341231346e-02
0.000000000000000000e+00 2.159957392188472779e-03 4.206626330022563733e-03 6.111709412086367525e-03 7.856527983448349101e-03 9.432027615960979217e-03 1.083726564744355407e-02 1.207737121388018087e-02 1.316157978912330974e-02 1.410160617998174049e-02 1.491041303555263806e-02 1.560133447292318294e-02 1.618748285549587856e-02 1.668136698233944198e-02 1.709466195893193444e-02 1.743808512384781295e-02 1.772134476754861493e-02 1.795313799891814360e-02 1.814118115522522778e-02 1.829226113238769172e-02 1.841229947592846680e-02 1.850642346628962945e-02 1.857904008950333682e-02 1.863390994165169123e-02 1.867421893386399245e-02 1.870264625058733199e-02 1.872142743704012513e-02 1.873241179646435370e-02 1.873711349148176469e-02 1.873675588241270618e-02 1.873230870625661529e-02 1.873230870625661529e-02
0.000000000000000000e+00 1.897671395291691387e-03 3.697503541961943193e-03 5.379334447065018190e-03 6.928729009703017694e-03 8.337546526791769427e-03 9.603463867169034079e-03 1.072893914194028922e-02 1.172000402513803663e-02 1.258512290460187151e-02 1.333423042770264660e-02 1.397797712352542680e-02 1.452716970281025047e-02 1.499237518143677582e-02 1.538365464791558064e-02 1.571039567231063624e-02 1.598121773747938207e-02 1.620393056892884334e-02 1.638553000322433284e-02 1.653221985233353439e-02 1.664945115328288205e-02 1.674197239327954514e-02 1.681388593426542261e-02 1.686870706949967352e-02 1.690942303922210802e-02 1.693854999484028373e-02 1.695818638982826004e-02 1.697006163086007755e-02 1.697557907128567634e-02 1.697585258735918867e-02 1.697173605409732847e-02 1.697173605409732847e-02
0.000000000000000000e+00 1.670308069847650789e-03 3.254364304916523062e-03 4.737842056461501195e-03 6.109946135641857769e-03 7.364030178678404245e-03 8.497553823387722291e-03 9.511597698083181646e-03 1.041015731895403307e-02 1.119938481507761971e-02 1.188688333866869985e-02 1.248110577367466355e-02 1.299087339203563313e-02 1.342500953814554365e-02 1.379207375048324517e-02 1.410017869056880667e-02 1.435687273011355611e-02 1.456907308844075134e-02 1.474303691612972866e-02 1.488436014253839007e-02 1.499799601888318970e-02 1.508828703661971131e-02 1.515900530227391740e-02 1.521339755293067524e-02 1.525423185454554721e-02 1.528384368583986762e-02 1.530417961248221360e-02 1.531683712898802667e-02 1.532309951040886770e-02 1.532396468643977376e-02 1.532016723489010648e-02 1.532016723489010648e-02
0.000000000000000000e+00 1.470482060796452677e-03 2.864062201871475383e-03 4.170614886835293141e-03 5.382263919011429434e-03 6.493903055566538872e-03 7.503310527301508027e-03 8.410948817677304026e-03 9.219567564142466809e-03 9.933716990932492732e-03 1.055925179669160545e-02 1.110287560414517823e-02 1.157175147548375645e-02 1.197318678880929070e-02 1.231439027604108206e-02 1.260229354095565753e-02 1.284342718601101142e-02 1.304384142235332292e-02 1.320906178833918844e-02 1.334407177991466485e-02 1.345331547307197090e-02 1.354071442641360812e-02 1.360969421745639001e-02 1.366321686833509193e-02 1.370381615918791346e-02 1.373363342548700530e-02 1.375445190632075716e-02 1.376772807030438375e-02 1.377461860763799263e-02 1.377600195058079936e-02 1.377249327634529757e-02 1.377249327634529757e-02
0.000000000000000000e+00 1.292958771907622758e-03 2.516977128075907622e-03 3.664986285409586875e-03 4.731386947740810062e-03 5.712451702939377179e-03 6.606478352113632352e-03 7.413728985168634676e-03 8.136215051423055511e-03 8.777392815503801821e-03 9.341824331585750485e-03 9.834844261044533784e-03 1.026225793500136312e-02 1.063008378496957916e-02 1.094434443786800569e-02 1.121090511912320453e-02 1.143535482610223350e-02 1.162292427355472897e-02 1.177843424477844486e-02 1.190626824442385205e-02 1.201036392987474451e-02 1.209421850316821402e-02 1.216090396098809014e-02 1.221308876571793912e-02 1.225306308737543308e-02 1.228276526433244066e-02 1.230380753955716451e-02 1.231749945259245568e-02 1.232486751088218181e-02 1.232666993235300920e-02 1.232340534814807716e-02 1.232340534814807716e-02
0.000000000000000000e+00 1.133863717962605095e-03 2.205831142889635998e-03 3.211083900146305577e-03 4.145778600725774816e-03 5.007346319706664980e-03 5.794638218378782464e-03 6.507928133000929344e-03 7.148801884360574989e-03 7.719970566447546464e-03 8.225043760826687700e-03 8.668292210431829264e-03 9.054421230505139279e-03 9.388368203704261158e-03 9.675130994418339875e-03 9.919629340955957164e-03 1.012659811628558761e-02 1.030050947152120512e-02 1.044551994028805088e-02 1.056543827773360165e-02 1.066370989497424787e-02 1.074341405584791284e-02 1.080727041197732975e-02 1.085765189054354631e-02 1.089660137250827998e-02 1.092584998247350843e-02 1.094683514233908000e-02 1.096071681412080605e-02 1.096839057148567970e-02 1.097049629552615362e-02 1.096742138960086176e-02 1.096742138960086176e-02
0.000000000000000000e+00 9.902207219540416772e-04 1.924945502302609400e-03 2.801031738639487081e-03 3.615985207587312303e-03 4.368178555640716068e-03 5.056973919391925636e-03 5.682750976756926510e-03 6.246854535493047943e-03 6.751482674187028743e-03 7.199538027686785274e-03 7.594462634104566338e-03 7.940072587632171497e-03 8.240403992438310662e-03 8.499577306755103437e-03 8.721683560574773272e-03 8.910693252060441008e-03 9.070386909799933034e-03 9.204305195463271735e-03 9.315715839073989563e-03 9.407594487390945337e-03 9.482616575240049306e-03 9.543157502507988374e-03 9.591298646606051526e-03 9.628837014611441730e-03 9.657296610666141895e-03 9.677939843919113397e-03 9.691777519605579427e-03 9.699576135206717034e-03 9.701861342746467484e-03 9.698916536945932296e-03 9.698916536945932296e-03
0.000000000000000000e+00 8.596669841116168827e-04 1.669759337027722397e-03 2.428396887879582123e-03 3.134123242782438194e-03 3.786062734032808689e-03 4.384017481966135873e-03 4.928502563484691602e-03 5.420725526114551600e-03 5.862521775904426524e-03 6.256259593520876669e-03 6.604728279167167496e-03 6.911021060327849318e-03 7.178421754227580498e-03 7.410301400963856949e-03 7.610028576763471636e-03 7.780895055695050480e-03 7.926056961007336976e-03 8.048490494891695490e-03 8.150960677425383646e-03 8.236001170482159378e-03 8.305903125484586161e-03 8.362711003820400696e-03 8.408223419985113786e-03 8.443997208913820232e-03 8.471353091411731526e-03 8.491381485342034893e-03 8.504947172533824581e-03 8.512691674562011465e-03 8.515032310592016151e-03 8.512157005985112809e-03 8.512157005985112809e-03
0.000000000000000000e+00 7.402686748392819840e-04 1.436507316304876016e-03 2.087800073406947086e-03 2.693493741241879003e-03 3.253308153242321071e-03 3.767409751012360582e-03 4.236445572754509760e-03 4.661539988837187613e-03 5.044260182001601353e-03 5.386558368873686428e-03 5.690699245447677392e-03 5.959180497502606505e-03 6.194652894305522142e-03 6.399844875292265770e-03 6.577494934636541474e-03 6.730293685545242141e-03 6.860836328898290912e-03 6.971585377422498397e-03 7.064842874931320099e-03 7.142730958750466951e-03 7.207179395014795369e-03 7.259918626110427146e-03 7.302476868423814216e-03 7.336179855531518856e-03 7.362151913111220254e-03 7.381317159673128105e-03 7.394399739492829235e-03 7.401922102891547728e-03 7.404200449613249947e-03 7.401336541511207949e-03 7.401336541511207949e-03
0.000000000000000000e+00 6.303962717279445885e-04 1.221996306432341023e-03 1.774635588658181546e-03 2.288290889483484813e-03 2.763154823684008023e-03 3.199689181903135268e-03 3.598654486143589102e-03 3.961116116638746174e-03 4.288429668763447250e-03 4.582209701854239071e-03 4.844286724182874856e-03 5.076657248764156020e-03 5.281431251051068448e-03 5.460780567915241024e-03 5.616890873390396714e-03 5.751918979175948618e-03 5.867956417439939946e-03 5.966999610203548021e-03 6.050926424237561621e-03 6.121478544815896899e-03 6.180248857508907796e-03 6.228672882101314937e-03 6.268023234277172485e-03 6.299406078703849443e-03 6.323758564565502491e-03 6.341846287942520463e-03 6.354259894569759537e-03 6.361410014331676972e-03 6.363519800925723953e-03 6.360614434330762006e-03 6.360614434330762006e-03
0.000000000000000000e+00 5.286365064480478583e-04 1.023444732483611399e-03 1.484864132301229019e-03 1.913378232630980969e-03 2.309560488455346047e-03 2.674110473966752506e-03 3.007878317788372727e-03 3.311876571233831126e-03 3.587279909763884528e-03 3.835414061695948361e-03 4.057736044110652786e-03 4.255808137626478603e-03 4.431268077691364986e-03 4.585797744361237542e-03 4.721092274337257422e-03 4.838831075523685431e-03 4.940651759981004240e-03 5.028127572803627737e-03 5.102748511444139476e-03 5.165906016661022011e-03 5.218880875725998188e-03 5.262833806562634137e-03 5.298798079739801964e-03 5.327673473664286397e-03 5.350220836842435775e-03 5.367056540662075263e-03 5.378646139306098722e-03 5.385296604484378705e-03 5.387146567859774603e-03 5.384154081362841314e-03 5.384154081362841314e-03
0.000000000000000000e+00 4.337269388634352931e-04 8.383616579761028883e-04 1.214853677255108661e-03 1.564112032733029926e-03 1.887026597578802829e-03 2.184489681830665674e-03 2.457416154719535388e-03 2.706760237978588553e-03 2.933527423772728723e-03 3.138780566227478402e-03 3.323639908356088891e-03 3.489277471471355276e-03 3.636906738261616416e-03 3.767768853961167303e-03 3.883116656967242151e-03 3.984197769641359410e-03 4.072237784987190953e-03 4.148424328001084141e-03 4.213892495320803802e-03 4.269711914750037689e-03 4.316875436845855028e-03 4.356289283807541872e-03 4.388764339118925509e-03 4.415008162977605150e-03 4.435617259265425306e-03 4.451069094546980694e-03 4.461713373337060883e-03 4.467762102444474900e-03 4.469278027508828688e-03 4.466161095136209416e-03 4.466161095136209416e-03
0.000000000000000000e+00 3.445040155847723306e-04 6.644500492334828737e-04 9.612506442053496284e-04 1.236195948329558373e-03 1.490452156069566091e-03 1.725070662107488400e-03 1.941006006058951195e-03 2.139139205487473362e-03 2.320302638230738873e-03 2.485303069204093749e-03 2.634940371132619107e-03 2.770020604840547646e-03 2.891363136412354162e-03 2.999802230609932389e-03 3.096184031331362507e-03 3.181360047835604232e-03 3.256178270311226725e-03 3.321472908057215585e-03 3.378053538683369397e-03 3.426694224318089805e-03 3.468122923333053810e-03 3.503011323512694383e-03 3.531965055295310189e-03 3.555514115485000539e-03 3.574103242402588369e-03 3.588081930381705181e-03 3.597693751597263057e-03 3.603064663301654060e-03 3.604190016131421457e-03 3.600920042647524476e-03 3.600920042647524476e-03
0.000000000000000000e+00 2.598579043950174287e-04 4.995226235970729248e-04 7.208677508713089589e-04 9.255543161994027974e-04 1.115005859824795640e-03 1.290407533611703144e-03 1.452725969120045044e-03 1.602743595947616131e-03 1.741100197978425086e-03 1.868335256419646848e-03 1.984926293188079855e-03 2.091320322125263774e-03 2.187957194613888295e-03 2.275284883198899245e-03 2.353767547518454718e-03 2.423887633719397274e-03 2.486143371168795472e-03 2.541042948954960919e-03 2.589096463062631574e-03 2.630806485250278617e-03 2.666657858403357305e-03 2.697107096148105339e-03 2.722571570697098105e-03 2.743418518315500401e-03 2.759953777684878186e-03 2.772410101418393540e-03 2.780934842539794540e-03 2.785576813206020862e-03 2.786272140069992291e-03 2.782828997916758987e-03 2.782828997916758987e-03
0.000000000000000000e+00 1.786882390525675165e-04 3.414201904250659548e-04 4.905767572724702629e-04 6.282131064548082634e-04 7.560083054013457763e-04 8.752585536855457234e-04 9.869067374131382155e-04 1.091596274720457770e-03 1.189736628105446826e-03 1.281569978713773634e-03 1.367231796475099417e-03 1.446801239395801957e-03 1.520339874691043662e-03 1.587918965584360310e-03 1.649636587955909985e-03 1.705626304276467971e-03 1.756059210144545347e-03 1.801141031890537330e-03 1.841105701951109000e-03 1.876206545090528758e-03 1.906705917820388993e-03 1.932863880565411979e-03 1.954926259425942593e-03 1.973112276181698994e-03 1.987601791478426066e-03 1.998522114801973889e-03 2.005934282967310623e-03 2.009818693580069267e-03 2.010059998925989039e-03 2.006431217417255133e-03 2.006431217417255133e-03
0.000000000000000000e+00 9.985432246669619116e-05 1.879217715758097732e-04 2.671942578101758805e-04 3.401783486442816929e-04 4.088174059133448872e-04 4.744883526598580367e-04 5.380557686905737156e-04 5.999602279127994953e-04 6.603196036755149901e-04 7.190276604801672071e-04 7.758404895045991527e-04 8.304465102350157887e-04 8.825193154057415753e-04 9.317547159024665640e-04 9.778943266187363828e-04 1.020738311732047494e-03 1.060149782254070144e-03 1.096053016059309526e-03 1.128427277271106238e-03 1.157297618736735948e-03 1.182723694155666866e-03 1.204787300510677455e-03 1.223579120878938832e-03 1.239184940990759216e-03 1.251671466215847602e-03 1.261071764525551050e-03 1.267370301209006607e-03 1.270487509210555281e-03 1.270263852276063300e-03 1.266443384943275732e-03 1.266443384943275732e-03
0.000000000000000000e+00 2.211086368816319098e-05 3.663260069041023194e-05 4.734664089136462670e-05 5.730185566482308001e-05 6.871200261705704521e-05 8.297825805532125642e-05 1.007961804523335248e-04 1.223034339030254459e-04 1.472341359378224882e-04 1.750587533731300376e-04 2.050996745350545849e-04 2.366201548071081805e-04 2.688885475549628555e-04 3.012215784606031566e-04 3.330108565677502262e-04 3.637365317046084849e-04 3.929714289401093860e-04 4.203783448827702433e-04 4.457025859894543575e-04 4.687613072102756579e-04 4.894307788752666998e-04 5.076323650394130253e-04 5.233177270713666859e-04 5.364535612389944013e-04 5.470060289186390225e-04 5.549249351957743787e-04 5.601276502029807567e-04 5.624827433131816216e-04 5.617933103732285216e-04 5.577800167780220218e-04 5.577800167780220218e-04
0.000000000000000000e+00 -5.598548161983379033e-05 -1.151710397020849075e-04 -1.727039392508600204e-04 -2.248757807961061057e-04 -2.692277059071426651e-04 -3.044504744329567885e-04 -3.301718573563210634e-04 -3.467106719131857000e-04 -3.548474321531423043e-04 -3.556346563457169429e-04 -3.502521022692301465e-04 -3.399030457706536668e-04 -3.257442905142239956e-04 -3.088422317273387964e-04 -2.901482460737254162e-04 -2.704880017802999636e-04 -2.505605514806378349e-04 -2.309441350327136517e-04 -2.121064590184710652e-04 -1.944178610941195711e-04 -1.781662502981006338e-04 -1.635730754175008042e-04 -1.508098416985563246e-04 -1.400148930712431425e-04 -1.313103178300096402e-04 -1.248189307934836673e-04 -1.206813413500817917e-04 -1.190731390646746147e-04 -1.202222195414869341e-04 -1.244262346058067233e-04 -1.244262346058067233e-04
0.000000000000000000e+00 -1.362262340786710580e-04 -2.707752488043567375e-04 -3.972973493339949057e-04 -5.113124981368933741e-04 -6.102362188547225423e-04 -6.930865216564763547e-04 -7.600722482306322128e-04 -8.121949246985218787e-04 -8.509234734676292093e-04 -8.779537447124754991e-04 -8.950426815006608900e-04 -9.039004385951388476e-04 -9.061245479149668833e-04 -9.031633904271362716e-04 -8.962995812244092374e-04 -8.866466372829200603e-04 -8.751543541395275481e-04 -8.626197738638467175e-04 -8.497016342841255633e-04 -8.369368824414837472e-04 -8.247583142263481548e-04 -8.135127367416927855e-04 -8.034792861486336063e-04 -7.948877010201449086e-04 -7.879364679591881497e-04 -7.828108337177405642e-04 -7.797007230963706823e-04 -7.788186185449035796e-04 -7.804174479263133830e-04 -7.848084925182659830e-04 -7.848084925182659830e-04
0.000000000000000000e+00 -2.210139367310169384e-04 -4.344019774885187878e-04 -6.317089728685572293e-04 -8.076793438583862667e-04 -9.599508373935210573e-04 -1.088321786818034287e-03 -1.193992122705439616e-03 -1.278956770637638485e-03 -1.345581963905121510e-03 -1.396333222476923855e-03 -1.433611567813725509e-03 -1.459661270251834267e-03 -1.476522904464517248e-03 -1.486014405440380833e-03 -1.489729157145357457e-03 -1.489044298745339145e-03 -1.485135043079163992e-03 -1.478992411055197196e-03 -1.471442773716485517e-03 -1.463168205817873746e-03 -1.454727041593261881e-03 -1.446574274904968531e-03 -1.439081614577550350e-03 -1.432557121301530120e-03 -1.427264431668605511e-03 -1.423441626653817712e-03 -1.421319830886372173e-03 -1.421141637708759828e-03 -1.423179444447165813e-03 -1.427753752996595120e-03 -1.427753752996595120e-03
0.000000000000000000e+00 -3.138614283811055135e-04 -6.118329083451902765e-04 -8.826088920470139508e-04 -1.120565789345394402e-03 -1.324411229935710177e-03 -1.495535237220524134e-03 -1.636726052008750844e-03 -1.751349382039215936e-03 -1.842879687345824313e-03 -1.914653723801567177e-03 -1.969752376744209575e-03 -2.010952934235113194e-03 -2.040718782214453325e-03 -2.061208413343911753e-03 -2.074294040551432402e-03 -2.081584680602072569e-03 -2.084451016603005181e-03 -2.084050639765878347e-03 -2.081352951300659629e-03 -2.077163367107568229e-03 -2.072146665732314732e-03 -2.066849434264504941e-03 -2.061721638118133720e-03 -2.057137388539515780e-03 -2.053415014941421205e-03 -2.050836571007653812e-03 -2.049666914659440536e-03 -2.050172502145300012e-03 -2.052640025236081127e-03 -2.057394997476508225e-03 -2.057394997476508225e-03
0.000000000000000000e+00 -4.204219314795677189e-04 -8.114720505502385139e-04 -1.158627079931251903e-03 -1.457549463107931384e-03 -1.709846289271148376e-03 -1.919790882021175276e-03 -2.092496409555960873e-03 -2.233057715354635434e-03 -2.346198927353616067e-03 -2.436157724389197057e-03 -2.506672413936605198e-03 -2.561009916592649378e-03 -2.602007400911226891e-03 -2.632116222202540538e-03 -2.653443880595887563e-03 -2.667792722670415690e-03 -2.676695306418885693e-03 -2.681446758270495962e-03 -2.683134538003072427e-03 -2.682665998459246581e-03 -2.680794069398967274e-03 -2.678141342189053337e-03 -2.675222794135422022e-03 -2.672467367870353522e-03 -2.670238608405719593e-03 -2.668854553542734237e-03 -2.668607068036799208e-03 -2.669780804969761057e-03 -2.672671967037065603e-03 -2.677607024920178151e-03 -2.677607024920178151e-03
0.000000000000000000e+00 -5.508052983310177900e-04 -1.046092593357317475e-03 -1.470773536483108244e-03 -1.826801551197496359e-03 -2.122048003375958877e-03 -2.365284571242025086e-03 -2.564564622252156999e-03 -2.726865953923791712e-03 -2.858132024612971590e-03 -2.963411436586815308e-03 -3.047000887950379686e-03 -3.112566910924826659e-03 -3.163244092914314649e-03 -3.201713580244322337e-03 -3.230266481448915757e-03 -3.250856096427320440e-03 -3.265141952149541553e-03 -3.274527798369271901e-03 -3.280195084330048225e-03 -3.283132983788035648e-03 -3.284165723090312801e-03 -3.283977758595744371e-03 -3.283137215117077571e-03 -3.282117913072538345e-03 -3.281320261419932906e-03 -3.281091263698833905e-03 -3.281743866821387832e-03 -3.283575870760567766e-03 -3.286888608521254182e-03 -3.292005598332001758e-03 -3.292005598332001758e-03
0.000000000000000000e+00 -7.252450902200413031e-04 -1.335042580778744801e-03 -1.831658361485110189e-03 -2.235593699704746962e-03 -2.565170546169265493e-03 -2.834614160386100291e-03 -3.054873089569247902e-03 -3.234534384061929242e-03 -3.380488069987507178e-03 -3.498374260742303024e-03 -3.592882523693793559e-03 -3.667956116677331853e-03 -3.726935401092682301e-03 -3.772662017384891247e-03 -3.807557361348831541e-03 -3.833683919029196117e-03 -3.852794930515808167e-03 -3.866375921053594959e-03 -3.875680416455420333e-03 -3.881761381450540491e-03 -3.885499421986042621e-03 -3.887628475237981523e-03 -3.888759510742054431e-03 -3.889402641639334249e-03 -3.889987969586422133e-03 -3.890885442484364864e-03 -3.892423979014521251e-03 -3.894910100539196018e-03 -3.898646305018253246e-03 -3.903949417681732825e-03 -3.903949417681732825e-03
0.000000000000000000e+00 -9.886196995814362266e-04 -1.701817558379997838e-03 -2.250738254502455526e-03 -2.687267361807018935e-03 -3.040349755125282098e-03 -3.328357184523126049e-03 -3.564075079970254259e-03 -3.757003911352124921e-03 -3.914539602779354074e-03 -4.042632009161620243e-03 -4.146178418741349250e-03 -4.229272939962191481e-03 -4.295373035876579385e-03 -4.347416222765282563e-03 -4.387905640945916237e-03 -4.418975538242737172e-03 -4.442443398573619334e-03 -4.459852930994123200e-03 -4.472510617330869437e-03 -4.481517580717783722e-03 -4.487797951522659243e-03 -4.492124538061089724e-03 -4.495142377453738985e-03 -4.497390597703689909e-03 -4.499322934213917206e-03 -4.501327192261521219e-03 -4.503743918307019124e-03 -4.506884529306747801e-03 -4.511049145953138079e-03 -4.516544381510044850e-03 -4.516544381510044850e-03
0.000000000000000000e+00 -1.005397187202401038e-03 -1.734157297914824813e-03 -2.297504430965470468e-03 -2.747395343054137313e-03 -3.112838668785045722e-03 -3.412263515794333908e-03 -3.658507392909326680e-03 -3.861118700159024263e-03 -4.027538199302484016e-03 -4.163758413088321404e-03 -4.274717878859266539e-03 -4.364551096848696965e-03 -4.436755435034842043e-03 -4.494308018404451384e-03 -4.539751330039376760e-03 -4.575258588319328600e-03 -4.602685657674615745e-03 -4.623613731881819414e-03 -4.639385508620730812e-03 -4.651136634056994568e-03 -4.659823605763002696e-03 -4.666248948555843691e-03 -4.671084241500707279e-03 -4.674891426394108852e-03 -4.678142737368327572e-03 -4.681239537720326832e-03 -4.684530320675389138e-03 -4.688328117479340779e-03 -4.692927554565101689e-03 -4.698621810122793549e-03 -4.698621810122793549e-03
0.000000000000000000e+00 -7.758328670222539676e-04 -1.432561816780890916e-03 -1.972689994050773245e-03 -2.416931190028616741e-03 -2.783797660262475517e-03 -3.087685885862000677e-03 -3.339699988746840272e-03 -3.548570386407676712e-03 -3.721321461415059897e-03 -3.863721447493308550e-03 -3.980584036749197120e-03 -4.075974272772410999e-03 -4.153353037234980977e-03 -4.215681753990678689e-03 -4.265500911465248089e-03 -4.304991035759164926e-03 -4.336021661991113635e-03 -4.360191914731767135e-03 -4.378865077044913866e-03 -4.393198736331743910e-03 -4.404171583258548357e-03 -4.412607608557161075e-03 -4.419198229074213641e-03 -4.424522738947648040e-03 -4.429067397831194276e-03 -4.433243418159673460e-03 -4.437404086001821811e-03 -4.441861237777974467e-03 -4.446901313958685070e-03 -4.452801219407357888e-03 -4.452801219407357888e-03
0.000000000000000000e+00 -6.359705069573816979e-04 -1.210294175589579765e-03 -1.708274603348699421e-03 -2.132215865560671986e-03 -2.490303116283957858e-03 -2.791590444137646409e-03 -3.044388206255405419e-03 -3.255911670389202706e-03 -3.432327667362833606e-03 -3.578898716319763983e-03 -3.700129662898057545e-03 -3.799892080059584423e-03 -3.881524146422345514e-03 -3.947909881761718642e-03 -4.001542474133946807e-03 -4.044575759969962735e-03 -4.078866974063235888e-03 -4.106013048368593356e-03 -4.127382087212213765e-03 -4.144141169386802818e-03 -4.157281289800438505e-03 -4.167640020202256768e-03 -4.175922311486103718e-03 -4.182719757238003745e-03 -4.188528573205765361e-03 -4.193766508325430173e-03 -4.198788881420590334e-03 -4.203903928078654879e-03 -4.209387641227552157e-03 -4.215498295363768848e-03 -4.215498295363768848e-03
0.000000000000000000e+00 -5.414471964650470525e-04 -1.044870172434044951e-03 -1.496286629025283133e-03 -1.891841955798209468e-03 -2.233574938023120873e-03 -2.526147627372324518e-03 -2.775027811164278765e-03 -2.985639474357329893e-03 -3.163018192038431244e-03 -3.311701916966479971e-03 -3.435723096000382459e-03 -3.538640152961141597e-03 -3.623581146116526281e-03 -3.693288400929485224e-03 -3.750160027142169367e-03 -3.796287255665966014e-03 -3.833487721114161011e-03 -3.863335203700410999e-03 -3.887186400028113872e-03 -3.906205226695253548e-03 -3.921385064915705945e-03 -3.933569265192963550e-03 -3.943470160558484178e-03 -3.951686786410371979e-03 -3.958721471752706458e-03 -3.964995446617940351e-03 -3.970863599792745675e-03 -3.976628516591330757e-03 -3.982553926335931360e-03 -3.988877692612760595e-03 -3.988877692612760595e-03
0.000000000000000000e+00 -4.725511216759934819e-04 -9.179677068535955142e-04 -1.325625356807389387e-03 -1.690506489858641754e-03 -2.011859497753641212e-03 -2.291561744133965069e-03 -2.532847755174932967e-03 -2.739500228416048844e-03 -2.915391639299064024e-03 -3.064246162442643175e-03 -3.189527718244153549e-03 -3.294396294738528071e-03 -3.381699683270858025e-03 -3.453982772421980083e-03 -3.513504990931671547e-03 -3.562261073606200722e-03 -3.602002748962493135e-03 -3.634260201270299306e-03 -3.660362791593319443e-03 -3.681458830656313564e-03 -3.698534340481744211e-03 -3.712430805832932137e-03 -3.723861943871362330e-03 -3.733429532513827653e-03 -3.741638344604386948e-03 -3.748910240057967257e-03 -3.755597472538620921e-03 -3.761995270749083058e-03 -3.768353756521078315e-03 -3.774889262391335244e-03 -3.774889262391335244e-03
0.000000000000000000e+00 -4.197033507352837555e-04 -8.178609157686323730e-04 -1.186825704080058004e-03 -1.522057356359072296e-03 -1.821830194163179218e-03 -2.086517034973301137e-03 -2.317846974156022484e-03 -2.518314200740570229e-03 -2.690767347418640456e-03 -2.838147592191950924e-03 -2.963331938911643350e-03 -3.069045110021647888e-03 -3.157814141265361061e-03 -3.231948780717208442e-03 -3.293537167573828538e-03 -3.344450407141983869e-03 -3.386352225777856505e-03 -3.420711436741003929e-03 -3.448815864104976849e-03 -3.471786909137641614e-03 -3.490594258134492589e-03 -3.506070416552220688e-03 -3.518924866690140325e-03 -3.529757716786673105e-03 -3.539072755845340187e-03 -3.547289860121350356e-03 -3.554756718581724134e-03 -3.561759857780156212e-03 -3.568534952142028358e-03 -3.575276403862105712e-03 -3.575276403862105712e-03
0.000000000000000000e+00 -3.777941455198137368e-04 -7.372224213295446547e-04 -1.072851139725356168e-03 -1.381004387821670957e-03 -1.659810777382053322e-03 -1.908933481980063093e-03 -2.129181003095013350e-03 -2.322128724773365582e-03 -2.489809472776331051e-03 -2.634484614955975336e-03 -2.758485591601599930e-03 -2.864109584065923329e-03 -2.953553974657756234e-03 -3.028877487417109410e-03 -3.091979245603465858e-03 -3.144589696345266323e-03 -3.188269331472920378e-03 -3.224412494610808325e-03 -3.254254470324175700e-03 -3.278880643262658493e-03 -3.299236900164189811e-03 -3.316140699071055790e-03 -3.330292396892399909e-03 -3.342286539509650798e-03 -3.352622896975678609e-03 -3.361717081185983894e-03 -3.369910620867159166e-03 -3.377480391842074391e-03 -3.384647310382155917e-03 -3.391584194147395648e-03 -3.391584194147395648e-03
0.000000000000000000e+00 -3.438708789266870999e-04 -6.713862193081651056e-04 -9.786893170045543686e-04 -1.262935310756000329e-03 -1.522427358692871003e-03 -1.756549091490900187e-03 -1.965581663162637750e-03 -2.150482352409320043e-03 -2.312673706439317967e-03 -2.453866221740517734e-03 -2.575920338800604531e-03 -2.680744658901204527e-03 -2.770223979048497698e-03 -2.846170383677499357e-03 -2.910291521028802748e-03 -2.964171411922945660e-03 -3.009260280420995599e-03 -3.046870822890765645e-03 -3.078179032743536513e-03 -3.104228207819480050e-03 -3.125935131361604578e-03 -3.144097676256482014e-03 -3.159403267208012959e-03 -3.172437769275322436e-03 -3.183694468932139580e-03 -3.193582885141303066e-03 -3.202437198509678132e-03 -3.210524119086369862e-03 -3.218050028286131761e-03 -3.225167226719696106e-03 -3.225167226719696106e-03
0.000000000000000000e+00 -3.161133711889439215e-04 -6.172977595957184057e-04 -9.008069678013890316e-04 -1.164472343722832695e-03 -1.406852273894850696e-03 -1.627255047867171142e-03 -1.825670492851143517e-03 -2.002651875189772907e-03 -2.159181965064264647e-03 -2.296545114702382238e-03 -2.416216442727209170e-03 -2.519771792340664510e-03 -2.608817903843716705e-03 -2.684940300627207833e-03 -2.749665808935645127e-03 -2.804436743315375825e-03 -2.850594182216904023e-03 -2.889368214835852031e-03 -2.921873462737241498e-03 -2.949108534348800215e-03 -2.971958354062382950e-03 -2.991198529659757493e-03 -3.007501094211136820e-03 -3.021441092519761961e-03 -3.033503586207049376e-03 -3.044090731672834029e-03 -3.053528645097240181e-03 -3.062073809861215207e-03 -3.069918803427299989e-03 -3.077197119430434991e-03 -3.077197119430434991e-03
0.000000000000000000e+00 -2.933422056915206580e-04 -5.729076226989971788e-04 -8.367175833276459035e-04 -1.083100480949359366e-03 -1.310841719750859913e-03 -1.519249886103837084e-03 -1.708151253257844150e-03 -1.877835249445361293e-03 -2.028973744619073320e-03 -2.162532022581848713e-03 -2.279683093684021708e-03 -2.381731682801346926e-03 -2.470050466526082199e-03 -2.546028828933047730e-03 -2.611033180952594505e-03 -2.666377359536135829e-03 -2.713301493299873600e-03 -2.752957795273786382e-03 -2.786401904495964220e-03 -2.814588583865460132e-03 -2.838370761684591483e-03 -2.858501066296108631e-03 -2.875635143657346952e-03 -2.890336166981918170e-03 -2.903080047419659068e-03 -2.914260936940575586e-03 -2.924196680468305401e-03 -2.933133924215400919e-03 -2.941252619389835531e-03 -2.948669668942155257e-03 -2.948669668942155257e-03
0.000000000000000000e+00 -2.747674848457977133e-04 -5.368240938177445704e-04 -7.846855340698064181e-04 -1.016996849886299837e-03 -1.232692950472135318e-03 -1.431089306915505786e-03 -1.611909593751387161e-03 -1.775266782331804544e-03 -1.921615168598010551e-03 -2.051687890394349786e-03 -2.166430473209802511e-03 -2.266937195327930598e-03 -2.354394105989190186e-03 -2.430030440401723026e-03 -2.495078826457224237e-03 -2.550743882058029328e-03 -2.598178382784601358e-03 -2.638465999405207891e-03 -2.672609566647746356e-03 -2.701523885543718594e-03 -2.726032142470070658e-03 -2.746865125605490229e-03 -2.764662520596470208e-03 -2.779975664381105320e-03 -2.793271225363813930e-03 -2.804935357536856178e-03 -2.815277945080171818e-03 -2.824536612650593338e-03 -2.832880224998932973e-03 -2.840411633383401434e-03 -2.840411633383401434e-03
0.000000000000000000e+00 -2.598585000422324112e-04 -5.081212567312084994e-04 -7.435429443422308547e-04 -9.649012115912061413e-04 -1.171182237404574727e-03 -1.361683042989971209e-03 -1.536050219100441308e-03 -1.694275363898789001e-03 -1.836663212422426318e-03 -1.963784401001047140e-03 -2.076421558938396170e-03 -2.175514776269663487e-03 -2.262110373281738321e-03 -2.337315261541488085e-03 -2.402257991162314206e-03 -2.458056754988915266e-03 -2.505794087251063135e-03 -2.546497676242157320e-03 -2.581126544099443011e-03 -2.610561782454264099e-03 -2.635601034278749980e-03 -2.656955953908620403e-03 -2.675251941129314255e-03 -2.691029519290988846e-03 -2.704746803737767807e-03 -2.716782580582921634e-03 -2.727439584860723125e-03 -2.736947632096683580e-03 -2.745466323645647834e-03 -2.753087124900942435e-03 -2.753087124900942435e-03
0.000000000000000000e+00 -2.482887075255443832e-04 -4.862546894673123814e-04 -7.125962591341833147e-04 -9.260326058424040493e-04 -1.125505103520477949e-03 -1.310263208535691632e-03 -1.479890313452231166e-03 -1.634296003668710877e-03 -1.773687752476295820e-03 -1.898530223719835461e-03 -2.009498223838390284e-03 -2.107427922132438809e-03 -2.193269725390382605e-03 -2.268045094028386423e-03 -2.332808657277512382e-03 -2.388616249272502903e-03 -2.436498943552142717e-03 -2.477442788434838089e-03 -2.512373709109207588e-03 -2.542146912039561831e-03 -2.567540074476586023e-03 -2.589249602364028947e-03 -2.607889274733999393e-03 -2.623990647458385173e-03 -2.638004653660451938e-03 -2.650303905276648036e-03 -2.661185266321727198e-03 -2.670872332855702552e-03 -2.679517523604387462e-03 -2.687203592633800528e-03 -2.687203592633800528e-03
0.000000000000000000e+00 -2.399573563720706405e-04 -4.710758873510242006e-04 -6.916052187964838362e-04 -9.000381578763941726e-04 -1.095213738002297123e-03 -1.276326139390558927e-03 -1.442914061228231038e-03 -1.594838984217298054e-03 -1.732253676644874684e-03 -1.855563008750027356e-03 -1.965379998790824524e-03 -2.062480170153688664e-03 -2.147756932746130130e-03 -2.222180077889733540e-03 -2.286758789660157856e-03 -2.342509944708164558e-03 -2.390431953965874764e-03 -2.431484009797887143e-03 -2.466570334041160144e-03 -2.496528857474514598e-03 -2.522123677334898052e-03 -2.544040615009712444e-03 -2.562885212274191703e-03 -2.579182546301187623e-03 -2.593378299655101429e-03 -2.605840583381137561e-03 -2.616862073671919441e-03 -2.626662081763493639e-03 -2.635388226571150089e-03 -2.643117385030862611e-03 -2.643117385030862611e-03
0.000000000000000000e+00 -2.351593223025709195e-04 -4.629599804283661890e-04 -6.807991969390717654e-04 -8.869321417209481261e-04 -1.080121559854348504e-03 -1.259531418202214544e-03 -1.424681644751283087e-03 -1.575415241703330893e-03 -1.711863780677003177e-03 -1.834408282614264935e-03 -1.943636405593789996e-03 -2.040298142619214900e-03 -2.125262361664067342e-03 -2.199476142200396979e-03 -2.263928300377546308e-03 -2.319617921523080013e-03 -2.367528219775848382e-03 -2.408605654426992926e-03 -2.443743954641976971e-03 -2.473772526491652742e-03 -2.499448619809040064e-03 -2.521452597321215041e-03 -2.540385656543371357e-03 -2.556769390857488271e-03 -2.571046628186540988e-03 -2.583583045066309598e-03 -2.594669114861716461e-03 -2.604522008012233412e-03 -2.613287120164573332e-03 -2.621038982655322577e-03 -2.621038982655322577e-03
0.000000000000000000e+00 -2.351593223025709195e-04 -4.629599804283661890e-04 -6.807991969390717654e-04 -8.869321417209481261e-04 -1.080121559854348504e-03 -1.259531418202214544e-03 -1.424681644751283087e-03 -1.575415241703330893e-03 -1.711863780677003177e-03 -1.834408282614264935e-03 -1.943636405593789996e-03 -2.040298142619214900e-03 -2.125262361664067342e-03 -2.199476142200396979e-03 -2.263928300377546308e-03 -2.319617921523080013e-03 -2.367528219775848382e-03 -2.408605654426992926e-03 -2.443743954641976971e-03 -2.473772526491652742e-03 -2.499448619809040064e-03 -2.521452597321215041e-03 -2.540385656543371357e-03 -2.556769390857488271e-03 -2.571046628186540988e-03 -2.583583045066309598e-03 -2.594669114861716461e-03 -2.604522008012233412e-03 -2.613287120164573332e-03 -2.621038982655322577e-03 -2.621038982655322577e-03
