# Z-displacement field (m)
# shape: (64, 32)
0.000000000000000000e+00 -2.227689264354515528e-04 -4.355506360432676309e-04 -6.406597935251766860e-04 -8.399605185113059955e-04 -1.034600641454212332e-03 -1.225096853051661598e-03 -1.411476862306650830e-03 -1.593419099143410711e-03 -1.770375730902076306e-03 -1.941675042768289039e-03 -2.106602560207040866e-03 -2.264461966988031913e-03 -2.414617891585804296e-03 -2.556523200584920417e-03 -2.689733642741603137e-03 -2.813912624897221652e-03 -2.928828665355954434e-03 -3.034347744480986580e-03 -3.130422421054480670e-03 -3.217079253849158132e-03 -3.294405796115936012e-03 -3.362538248148554208e-03 -3.421650801635161936e-03 -3.471947863696361360e-03 -3.513660857901793055e-03 -3.547052470220453911e-03 -3.572433633274408465e-03 -3.590203067835895899e-03 -3.600924507109187246e-03 -3.605436875440124964e-03 -3.605436875440124964e-03
0.000000000000000000e+00 -2.227689264354515528e-04 -4.355506360432676309e-04 -6.406597935251766860e-04 -8.399605185113059955e-04 -1.034600641454212332e-03 -1.225096853051661598e-03 -1.411476862306650830e-03 -1.593419099143410711e-03 -1.770375730902076306e-03 -1.941675042768289039e-03 -2.106602560207040866e-03 -2.264461966988031913e-03 -2.414617891585804296e-03 -2.556523200584920417e-03 -2.689733642741603137e-03 -2.813912624897221652e-03 -2.928828665355954434e-03 -3.034347744480986580e-03 -3.130422421054480670e-03 -3.217079253849158132e-03 -3.294405796115936012e-03 -3.362538248148554208e-03 -3.421650801635161936e-03 -3.471947863696361360e-03 -3.513660857901793055e-03 -3.547052470220453911e-03 -3.572433633274408465e-03 -3.590203067835895899e-03 -3.600924507109187246e-03 -3.605436875440124964e-03 -3.605436875440124964e-03
0.000000000000000000e+00 -1.968422171071570646e-04 -3.938051026729804706e-04 -5.897539307944301822e-04 -7.845797878056028551e-04 -9.781613502126277390e-04 -1.170097597960492904e-03 -1.359699731023953848e-03 -1.546067763346643635e-03 -1.728185851995813881e-03 -1.905009987074142517e-03 -2.075538141715672653e-03 -2.238860584410907323e-03 -2.394191674161048541e-03 -2.540886039302665735e-03 -2.678442511365770103e-03 -2.806499060514483241e-03 -2.924821566015915753e-03 -3.033288736440908125e-03 -3.131874971075193550e-03 -3.220632472628951349e-03 -3.299673489911429496e-03 -3.369153165323036676e-03 -3.429253030618376486e-03 -3.480164632172237302e-03 -3.522071890083439561e-03 -3.555129286921180579e-03 -3.579430333484447720e-03 -3.594956284299643569e-03 -3.601488274910834026e-03 -3.598458561761420926e-03 -3.598458561761420926e-03
0.000000000000000000e+00 -1.593113178299445526e-04 -3.295966405432651102e-04 -5.083161252090447144e-04 -6.935315404346891312e-04 -8.834576679856997756e-04 -1.076260056600275789e-03 -1.270030349301928211e-03 -1.462844205142843287e-03 -1.652842570233072420e-03 -1.838305922463319420e-03 -2.017708843577790956e-03 -2.189752162664221607e-03 -2.353374882452142700e-03 -2.507750119805530944e-03 -2.652269656165323532e-03 -2.786521225823590867e-03 -2.910261868896639459e-03 -3.023389819924790414e-03 -3.125916626536179993e-03 -3.217940541855718577e-03 -3.299621705534609879e-03 -3.371159192411265181e-03 -3.432769628821960226e-03 -3.484666733924542213e-03 -3.527040883326691256e-03 -3.560037870371597114e-03 -3.583737337196077084e-03 -3.598136662619086813e-03 -3.603164710150907977e-03 -3.598816576466560592e-03 -3.598816576466560592e-03
0.000000000000000000e+00 -1.153836565290417059e-04 -2.529051676479702592e-04 -4.094036834399336308e-04 -5.815483529921630429e-04 -7.659024179589245772e-04 -9.589859455843602505e-04 -1.157377675168530908e-03 -1.357832471698120456e-03 -1.557385749714617100e-03 -1.753428224484292718e-03 -1.943746364476009372e-03 -2.126531668725162132e-03 -2.300365538746768513e-03 -2.464187341798392602e-03 -2.617252522889583228e-03 -2.759086221378877907e-03 -2.889436332411097780e-03 -3.008228602271849957e-03 -3.115525265063181538e-03 -3.211487924641386309e-03 -3.296344826137412917e-03 -3.370362303491249503e-03 -3.433820010202334391e-03 -3.486989565820413760e-03 -3.530116603211524810e-03 -3.563407182058431037e-03 -3.587021724056367513e-03 -3.601083779964688470e-03 -3.605716024305758924e-03 -3.601104542302534847e-03 -3.601104542302534847e-03
0.000000000000000000e+00 -6.757321995311134615e-05 -1.691831627489726877e-04 -3.011222368956905314e-04 -4.587695664263107876e-04 -6.370005443440313097e-04 -8.305372466674643475e-04 -1.034244005702669158e-03 -1.243356973084441732e-03 -1.453639993478448005e-03 -1.661469404597255926e-03 -1.863858803792327323e-03 -2.058438757183379039e-03 -2.243406535165539360e-03 -2.417458815737840491e-03 -2.579717286364633429e-03 -2.729654079895063416e-03 -2.867021438137353200e-03 -2.991788047404628833e-03 -3.104083110349269321e-03 -3.204148315809595901e-03 -3.292297339094568849e-03 -3.368882263271791647e-03 -3.434266306231390561e-03 -3.488802460705073098e-03 -3.532818140546465594e-03 -3.566606721130281734e-03 -3.590427858372309197e-03 -3.604518853778163751e-03 -3.609116055745897368e-03 -3.604471557110846755e-03 -3.604471557110846755e-03
0.000000000000000000e+00 -1.738751398625452629e-05 -8.194516738010936810e-05 -1.891571798213548196e-04 -3.328710956950733306e-04 -5.060231359430676515e-04 -7.012926501032992711e-04 -9.116219897313905312e-04 -1.130577927097093337e-03 -1.352562308853605963e-03 -1.572898464618144396e-03 -1.787826654266626075e-03 -1.994440292869406779e-03 -2.190588964703393815e-03 -2.374767369302148174e-03 -2.546003044614116462e-03 -2.703750684213123215e-03 -2.847797208041304672e-03 -2.978179280528770855e-03 -3.095113430623395480e-03 -3.198938060276832699e-03 -3.290066225494693575e-03 -3.368947988804702354e-03 -3.436041276569387105e-03 -3.491790467031240328e-03 -3.536612328842101294e-03 -3.570889310881394680e-03 -3.594970250954541285e-03 -3.609177632116771124e-03 -3.613817476944438441e-03 -3.609182713138396701e-03 -3.609182713138396701e-03
0.000000000000000000e+00 3.407677913196480716e-05 6.037224444917048405e-06 -7.827265009686242231e-05 -2.105896636945230722e-04 -3.813857769007582255e-04 -5.808952136611273114e-04 -7.998825719210039603e-04 -1.030124939645118108e-03 -1.264646792798999756e-03 -1.497772348915621301e-03 -1.725059936124399493e-03 -1.943170748737003744e-03 -2.149709327764713455e-03 -2.343059786492291199e-03 -2.522231694014652817e-03 -2.686722584564636609e-03 -2.836399651594126610e-03 -2.971400600677844180e-03 -3.092052271453343826e-03 -3.198805049198490211e-03 -3.292180965777965866e-03 -3.372733539771929565e-03 -3.441017701239250902e-03 -3.497568501112080595e-03 -3.542887635608284961e-03 -3.577437002592798523e-03 -3.601638357632567979e-03 -3.615877418086151616e-03 -3.620509464289507068e-03 -3.615862541291470049e-03 -3.615862541291470049e-03
0.000000000000000000e+00 8.583451374064853825e-05 9.203143864862972146e-05 2.665768759309858696e-05 -9.890411794824902774e-05 -2.718055419835564137e-04 -4.792604499018001296e-04 -7.095688315964208959e-04 -9.526600020192375635e-04 -1.200272548166202375e-03 -1.445901730125698920e-03 -1.684620784030556578e-03 -1.912849488968434422e-03 -2.128114701642573863e-03 -2.328826958544038400e-03 -2.514084029022140357e-03 -2.683504557383381822e-03 -2.837090801042456336e-03 -2.975117549309593684e-03 -3.098043649661939673e-03 -3.206442587033871919e-03 -3.300948909795383291e-03 -3.382217777368749095e-03 -3.450895409006264451e-03 -3.507598673591987536e-03 -3.552902421076188817e-03 -3.587333357249177131e-03 -3.611369248129134551e-03 -3.625442016307578539e-03 -3.629943077826126678e-03 -3.625229660961514465e-03 -3.625229660961514465e-03
0.000000000000000000e+00 1.367807239510737054e-04 1.727280209317703452e-04 1.196989435162528978e-04 -6.142392457590582610e-06 -1.873671670279581931e-04 -4.074633114343849524e-04 -6.520405613163060424e-04 -9.092763717128910309e-04 -1.169889000500368538e-03 -1.426869361468666728e-03 -1.675122302857869668e-03 -1.911101486390905536e-03 -2.132478097393508774e-03 -2.337858143751441256e-03 -2.526549877340378194e-03 -2.698376865613358495e-03 -2.853530130613973152e-03 -2.992452587644826075e-03 -3.115749672717698510e-03 -3.224120989704305947e-03 -3.318308769554962571e-03 -3.399059801594460362e-03 -3.467098229755368865e-03 -3.523107193180918025e-03 -3.567717728122971402e-03 -3.601503638410669204e-03 -3.624981206085766718e-03 -3.638612727825108178e-03 -3.642813099791391684e-03 -3.637959295990174282e-03 -3.637959295990174282e-03
0.000000000000000000e+00 1.853969706806730998e-04 2.434214830059253619e-04 1.926559181566449156e-04 5.675075942600601189e-05 -1.405949433451318166e-04 -3.784816536597887418e-04 -6.398744248202389026e-04 -9.116092451514476100e-04 -1.183915510196562743e-03 -1.449794581878836256e-03 -1.704419414236993217e-03 -1.944618825450128777e-03 -2.168459743719145915e-03 -2.374919447545448259e-03 -2.563632959039279131e-03 -2.734700307849531956e-03 -2.888540353619146323e-03 -3.025780406355732966e-03 -3.147173274779653963e-03 -3.253535365658314065e-03 -3.345701029338419251e-03 -3.424489551783138023e-03 -3.490682101383165044e-03 -3.545006612877267017e-03 -3.588129082673955587e-03 -3.620650105780897927e-03 -3.643105757659802733e-03 -3.655972190294396948e-03 -3.659673673105417763e-03 -3.654594364851283458e-03 -3.654594364851283458e-03
0.000000000000000000e+00 2.292020635667032982e-04 2.965695088541926141e-04 2.332344267694521852e-04 7.459947907196128199e-05 -1.474989581876128344e-04 -4.076295263193982846e-04 -6.868071007287976978e-04 -9.714590949591031185e-04 -1.252196733588972896e-03 -1.522731242064059593e-03 -1.779018953828462660e-03 -2.018620699462244251e-03 -2.240233081648519871e-03 -2.443348748521759466e-03 -2.628010553412836459e-03 -2.794633214212919898e-03 -2.943873428901028471e-03 -3.076534959031815460e-03 -3.193499191128025116e-03 -3.295674495050793934e-03 -3.383959652950619974e-03 -3.459217990924422920e-03 -3.522259793983284308e-03 -3.573831252856896849e-03 -3.614608669366812035e-03 -3.645197004126253353e-03 -3.666132146054212459e-03 -3.677886577275352523e-03 -3.680878456644142479e-03 -3.675484586845329839e-03 -3.675484586845329839e-03
0.000000000000000000e+00 2.634215952095367796e-04 3.188416416013449615e-04 2.220232600711634558e-04 2.605068093984425117e-05 -2.282253028720824530e-04 -5.122092453162660139e-04 -8.068075505339082718e-04 -1.099628766298967920e-03 -1.382828391011569269e-03 -1.651602168040295715e-03 -1.903171875746085401e-03 -2.136110586794259109e-03 -2.349892899119542401e-03 -2.544592257477272176e-03 -2.720674493984452484e-03 -2.878854892405954824e-03 -3.019997828554105059e-03 -3.145045499434714030e-03 -3.254966966277832250e-03 -3.350721720636682353e-03 -3.433233887790637390e-03 -3.503374414044464150e-03 -3.561949396670044485e-03 -3.609693264890898902e-03 -3.647265908477750288e-03 -3.675253145988475068e-03 -3.694170179112599411e-03 -3.704467934911855748e-03 -3.706542485993177729e-03 -3.700748075076024622e-03 -3.700748075076024622e-03
0.000000000000000000e+00 2.768810900442855933e-04 2.845288062953386390e-04 1.278629296573327134e-04 -1.178696123705753423e-04 -4.061287245019717745e-04 -7.093876628930019003e-04 -1.011623343718901337e-03 -1.303621893803449255e-03 -1.580212100196972357e-03 -1.838654450565121133e-03 -2.077695685540348076e-03 -2.297003812622258698e-03 -2.496822259393424812e-03 -2.677752258540623629e-03 -2.840611902598500979e-03 -2.986342256333447426e-03 -3.115943238816884595e-03 -3.230428981103949850e-03 -3.330796388119215603e-03 -3.418002984222497185e-03 -3.492951522229210612e-03 -3.556479689950807401e-03 -3.609353786554660420e-03 -3.652265596463547849e-03 -3.685831940943671160e-03 -3.710596587633649239e-03 -3.727034380807583112e-03 -3.735557645185844881e-03 -3.736525130253991276e-03 -3.730254007335667785e-03 -3.730254007335667785e-03
0.000000000000000000e+00 2.355771652940227162e-04 1.410584512395748164e-04 -9.652466470452515874e-05 -3.912398942936884589e-04 -7.025207968884913815e-04 -1.010692446233777244e-03 -1.306083823480944008e-03 -1.584019534664289283e-03 -1.842423521352301976e-03 -2.080624483047746002e-03 -2.298734759516634241e-03 -2.497312966224965718e-03 -2.677172186369058439e-03 -2.839265640072228831e-03 -2.984615252864266776e-03 -3.114265034777104115e-03 -3.229249522411607905e-03 -3.330571863617189966e-03 -3.419188423700450247e-03 -3.495998043531099459e-03 -3.561834779851533010e-03 -3.617463363881291433e-03 -3.663576862599986651e-03 -3.700796192521393913e-03 -3.729671260787881682e-03 -3.750683618696535292e-03 -3.764250624981456579e-03 -3.770731241399687822e-03 -3.770433727909073413e-03 -3.763625671207572639e-03 -3.763625671207572639e-03
0.000000000000000000e+00 1.797371082384508598e-05 -2.062295047436831766e-04 -5.042217669502674100e-04 -8.171013336612452079e-04 -1.122504797284850850e-03 -1.411624805774380591e-03 -1.681128525095414682e-03 -1.930052678134394802e-03 -2.158519467459498863e-03 -2.367169830693986385e-03 -2.556897294616577044e-03 -2.728714806152895446e-03 -2.883683438292272434e-03 -3.022871397592892528e-03 -3.147328735444501323e-03 -3.258070759805284291e-03 -3.356066662521399718e-03 -3.442231555697590397e-03 -3.517420931138603990e-03 -3.582426967517217918e-03 -3.637976321893083165e-03 -3.684729158198508416e-03 -3.723279236676477807e-03 -3.754154941507875567e-03 -3.777821173293493921e-03 -3.794682086834748336e-03 -3.805084717629270055e-03 -3.809323615236834444e-03 -3.807646688744571826e-03 -3.800262567816394595e-03 -3.800262567816394595e-03
0.000000000000000000e+00 -3.967269241276690514e-04 -7.422555554875215822e-04 -1.060195198493845813e-03 -1.354748458093807699e-03 -1.626867468113172080e-03 -1.877240615024850130e-03 -2.106735643610869665e-03 -2.316379150212856397e-03 -2.507283049994004070e-03 -2.680588357711949279e-03 -2.837429603133210729e-03 -2.978913299724608981e-03 -3.106104850108018858e-03 -3.220020369981862508e-03 -3.321621438164405662e-03 -3.411811691513440530e-03 -3.491434683971594930e-03 -3.561272689804031479e-03 -3.622046261033384004e-03 -3.674414411368309187e-03 -3.718975328826700909e-03 -3.756267535951262736e-03 -3.786771430223182140e-03 -3.810911153315755216e-03 -3.829056758825570908e-03 -3.841526675126728015e-03 -3.848590492905368688e-03 -3.850472144492465918e-03 -3.847353581793058579e-03 -3.839379097619005296e-03 -3.839379097619005296e-03
0.000000000000000000e+00 -7.752910043964576997e-04 -1.254557455059472637e-03 -1.604726344083939622e-03 -1.888457538294124839e-03 -2.131409178342481749e-03 -2.345210086226817269e-03 -2.535812927337100474e-03 -2.706716131326679636e-03 -2.860275975666147497e-03 -2.998268800650395922e-03 -3.122144183906871810e-03 -3.233144939074255719e-03 -3.332367261743016725e-03 -3.420792872196158803e-03 -3.499307539534258528e-03 -3.568712731431107014e-03 -3.629733664445468268e-03 -3.683025394411953545e-03 -3.729177786015251770e-03 -3.768719794553285814e-03 -3.802123280588652707e-03 -3.829806465430160393e-03 -3.852137076265576155e-03 -3.869435200901782251e-03 -3.881975860762855272e-03 -3.889991309362607341e-03 -3.893673066323125650e-03 -3.893173699038614093e-03 -3.888608359617335038e-03 -3.880056066882006660e-03 -3.880056066882006660e-03
0.000000000000000000e+00 -9.721697983874385673e-04 -1.587798575919579461e-03 -2.008042866382354127e-03 -2.317231062890352973e-03 -2.558996072430540746e-03 -2.756546414272388439e-03 -2.922822026842322903e-03 -3.065475958148179518e-03 -3.189341390208924685e-03 -3.297680747600524771e-03 -3.392836420115364574e-03 -3.476581001622203963e-03 -3.550312781785067151e-03 -3.615169358360768685e-03 -3.672096677666930944e-03 -3.721893074060451338e-03 -3.765238825106877532e-03 -3.802717006574373587e-03 -3.834828898746017040e-03 -3.862005808807785889e-03 -3.884618398194191000e-03 -3.902984161004206028e-03 -3.917373442286965768e-03 -3.928014232537796815e-03 -3.935095881647479414e-03 -3.938771814842730382e-03 -3.939161287513382077e-03 -3.936350172571719853e-03 -3.930390722147847349e-03 -3.921300173714894859e-03 -3.921300173714894859e-03
0.000000000000000000e+00 -1.039788641232150318e-03 -1.754364029831097889e-03 -2.252697487076589684e-03 -2.610393349727940532e-03 -2.875789500732021942e-03 -3.079041717483156030e-03 -3.239038383867332525e-03 -3.367843224884622347e-03 -3.473380009460806574e-03 -3.561022962149300829e-03 -3.634538896865866387e-03 -3.696651513280153640e-03 -3.749385562338456226e-03 -3.794281691810026842e-03 -3.832534272549976365e-03 -3.865082538001432619e-03 -3.892672818654836862e-03 -3.915902430327850361e-03 -3.935251574635307073e-03 -3.951107137047856280e-03 -3.963780792552253941e-03 -3.973522936148680441e-03 -3.980533406529773895e-03 -3.984969626861060120e-03 -3.986952563551985664e-03 -3.986570751307127666e-03 -3.983882517802604835e-03 -3.978916441244099295e-03 -3.971669970944597013e-03 -3.962106018554293480e-03 -3.962106018554293480e-03
0.000000000000000000e+00 -1.043675523897393117e-03 -1.813483946668958350e-03 -2.374178002317535278e-03 -2.782851765224218874e-03 -3.083146127696381397e-03 -3.306360996624127351e-03 -3.474360791434605040e-03 -3.602323483810204729e-03 -3.700839013532105162e-03 -3.777379977331452292e-03 -3.837294535883855294e-03 -3.884467464224323433e-03 -3.921759998371084945e-03 -3.951304810069600909e-03 -3.974706534063379183e-03 -3.993180494688545155e-03 -4.007650603128905080e-03 -4.018819886783843269e-03 -4.027222323820338172e-03 -4.033261608310969096e-03 -4.037240526440922204e-03 -4.039383375557582118e-03 -4.039853048361118429e-03 -4.038763871860710265e-03 -4.036190931459222517e-03 -4.032176357845975237e-03 -4.026732863799627193e-03 -4.019844658376500734e-03 -4.011465713530091431e-03 -4.001515192534108208e-03 -4.001515192534108208e-03
0.000000000000000000e+00 -1.021217823301474132e-03 -1.813061433865095686e-03 -2.413880171706267019e-03 -2.864072051721169940e-03 -3.199190793187772167e-03 -3.447859738871338845e-03 -3.632064453307909824e-03 -3.768291473849686487e-03 -3.868773718260186401e-03 -3.942563709011027463e-03 -3.996372003465079557e-03 -4.035191929142984378e-03 -4.062754737386102717e-03 -4.081858462605120717e-03 -4.094605657782841510e-03 -4.102576332665672058e-03 -4.106954994302886019e-03 -4.108625060753977667e-03 -4.108239864080401489e-03 -4.106276616542969306e-03 -4.103077750061385510e-03 -4.098882690215362168e-03 -4.093852199222056641e-03 -4.088086780629499734e-03 -4.081640186632344222e-03 -4.074528740722753103e-03 -4.066736937257293960e-03 -4.058219571649596645e-03 -4.048900464299487988e-03 -4.038667646192728791e-03 -4.038667646192728791e-03
0.000000000000000000e+00 -9.881847887942961806e-04 -1.781036558397735333e-03 -2.402712277832426326e-03 -2.881670520462261201e-03 -3.245664102647937560e-03 -3.519159933935232971e-03 -3.722490257943124933e-03 -3.871961212073684287e-03 -3.980374796547891079e-03 -4.057657873563815139e-03 -4.111454009317949687e-03 -4.147625340707072200e-03 -4.170656272356320672e-03 -4.183969292363816372e-03 -4.190168674825045861e-03 -4.191227586220743449e-03 -4.188631782819656271e-03 -4.183490346609424100e-03 -4.176621426836533285e-03 -4.168618933586424116e-03 -4.159904570207834801e-03 -4.150768422619308465e-03 -4.141400460615300184e-03 -4.131914671539596920e-03 -4.122367076346138658e-03 -4.112768522274145092e-03 -4.103092866862056987e-03 -4.093280935263732268e-03 -4.083240423276593596e-03 -4.072841712297868913e-03 -4.072841712297868913e-03
0.000000000000000000e+00 -9.509632660226551666e-04 -1.732388697678881968e-03 -2.360810775376223809e-03 -2.856835039371644677e-03 -3.241973001254530758e-03 -3.536510812876339244e-03 -3.758391927142059989e-03 -3.922834759956670553e-03 -4.042389149088890070e-03 -4.127209158948168602e-03 -4.185402853230318389e-03 -4.223383155644878754e-03 -4.246184587562318313e-03 -4.257733776488609179e-03 -4.261073369782642645e-03 -4.258544125830143572e-03 -4.251931582462224746e-03 -4.242583639125794247e-03 -4.231504627955144995e-03 -4.219430492352373857e-03 -4.206888770899983379e-03 -4.194246288001652473e-03 -4.181746799544919062e-03 -4.169540320253946851e-03 -4.157705446233243320e-03 -4.146265656550932217e-03 -4.135200308525098165e-03 -4.124450812628707372e-03 -4.113922267478120273e-03 -4.103480638344698776e-03 -4.103480638344698776e-03
0.000000000000000000e+00 -9.124466984247349552e-04 -1.675314870419981764e-03 -2.300871924467063137e-03 -2.804658666196668815e-03 -3.203562964046226605e-03 -3.514274645984892705e-03 -3.752270271524449884e-03 -3.931277568188481022e-03 -4.063092429793510596e-03 -4.157618698205789269e-03 -4.223028858088823285e-03 -4.265976727978596124e-03 -4.291820524759510161e-03 -4.304833887681096261e-03 -4.308394611862009088e-03 -4.305147899265179302e-03 -4.297144665782602797e-03 -4.285957166920560668e-03 -4.272774799837412464e-03 -4.258482948578587272e-03 -4.243727477663486979e-03 -4.228967119273992735e-03 -4.214515628626062070e-03 -4.200575239788105833e-03 -4.187262653284247634e-03 -4.174628527167134270e-03 -4.162671218746749613e-03 -4.151345326484127789e-03 -4.140565402014366805e-03 -4.130205032666478537e-03 -4.130205032666478537e-03
0.000000000000000000e+00 -8.741511780805509427e-04 -1.614560213638525834e-03 -2.230976628268508365e-03 -2.735642694178230024e-03 -3.142116851948971359e-03 -3.464206805868729009e-03 -3.715159373254940407e-03 -3.907137385446773220e-03 -4.050945758173756656e-03 -4.155943225599134476e-03 -4.230076665370420368e-03 -4.279986905225699467e-03 -4.311149376355636123e-03 -4.328025692078869141e-03 -4.334211844414815121e-03 -4.332575322467646303e-03 -4.325377681947024065e-03 -4.314381618293219520e-03 -4.300942989779842594e-03 -4.286088923860936935e-03 -4.270583407407720945e-03 -4.254981794161671015e-03 -4.239675573867076296e-03 -4.224928603134382038e-03 -4.210905834485419164e-03 -4.197695415726445008e-03 -4.185324874942665876e-03 -4.173771959531722905e-03 -4.162970560538138687e-03 -4.152812024841140946e-03 -4.152812024841140946e-03
0.000000000000000000e+00 -8.369638115508006579e-04 -1.553032804998656907e-03 -2.156390935703452871e-03 -2.657082877921193055e-03 -3.066279722042234042e-03 -3.395551965325499782e-03 -3.656258372963612155e-03 -3.859097957998275461e-03 -4.013826154334032385e-03 -4.129110373161574629e-03 -4.212490773302932263e-03 -4.270412932075560303e-03 -4.308304751555483425e-03 -4.330676850420726344e-03 -4.341232041319411858e-03 -4.342974575933683870e-03 -4.338313571830043278e-03 -4.329157606973135959e-03 -4.316999147234987406e-03 -4.302988512193551239e-03 -4.287997689201217787e-03 -4.272674626232687844e-03 -4.257488775876219420e-03 -4.242768696511482231e-03 -4.228732487712500397e-03 -4.215511773725514992e-03 -4.203169868939637781e-03 -4.191714673162511007e-03 -4.181106758823889546e-03 -4.171263031591086225e-03 -4.171263031591086225e-03
0.000000000000000000e+00 -8.014400406864743151e-04 -1.492596596763694780e-03 -2.080630549678662809e-03 -2.574080915903661365e-03 -2.982393022759115189e-03 -3.315421021858513950e-03 -3.582977525741255862e-03 -3.794472757421658935e-03 -3.958657652464574531e-03 -4.083465687140016426e-03 -4.175937518317095198e-03 -4.242208846736309456e-03 -4.287542631905790803e-03 -4.316389670252376506e-03 -4.332465097884512749e-03 -4.338831755565937531e-03 -4.337984184936716572e-03 -4.331929220307166595e-03 -4.322260749326595208e-03 -4.310227343108424293e-03 -4.296792214713318972e-03 -4.282685453905682622e-03 -4.268448785521163948e-03 -4.254473268627324313e-03 -4.241030437357427851e-03 -4.228297412512810154e-03 -4.216376507191237771e-03 -4.205309824916306227e-03 -4.195089316094671207e-03 -4.185662726947149762e-03 -4.185662726947149762e-03
0.000000000000000000e+00 -7.679392155347040515e-04 -1.434481099496343276e-03 -2.006085170211907836e-03 -2.490227695946286516e-03 -2.895088636125192974e-03 -3.229206571287615395e-03 -3.501148768632290128e-03 -3.719229004238840293e-03 -3.891289768579697314e-03 -4.024552183361446503e-03 -4.125528004623902657e-03 -4.199983345008473194e-03 -4.252942221617152588e-03 -4.288718553764983045e-03 -4.310966810745633232e-03 -4.322743455702586328e-03 -4.326573237971627871e-03 -4.324516049984348728e-03 -4.318231415952371137e-03 -4.309038722312674360e-03 -4.297972073342089076e-03 -4.285829209759328511e-03 -4.273214312764492262e-03 -4.260574773590855915e-03 -4.248232174092978972e-03 -4.236407824529787522e-03 -4.225243261691705686e-03 -4.214816140328582657e-03 -4.205151966630833391e-03 -4.196232135451016115e-03 -4.196232135451016115e-03
0.000000000000000000e+00 -7.366937526090789690e-04 -1.379505692484944224e-03 -1.934391420224123876e-03 -2.408054434966081566e-03 -2.807731323588581653e-03 -3.140947714791009204e-03 -3.415275368578100067e-03 -3.638114043170471556e-03 -3.816512888755049359e-03 -3.957037619444742083e-03 -4.065683070630176678e-03 -4.147826409464957023e-03 -4.208214022055905765e-03 -4.250974441232830900e-03 -4.279650046007474166e-03 -4.297241187868078120e-03 -4.306257541427277111e-03 -4.308772624120960418e-03 -4.306478465415004148e-03 -4.300738280570661452e-03 -4.292635708302187242e-03 -4.283019718363409445e-03 -4.272544706688028923e-03 -4.261705597254683391e-03 -4.250867985326572257e-03 -4.240293507423204163e-03 -4.230160727577659749e-03 -4.220581902617209433e-03 -4.211616044692818514e-03 -4.203278748887895669e-03 -4.203278748887895669e-03
0.000000000000000000e+00 -7.078476977410480455e-04 -1.328209507332428572e-03 -1.866662071327558061e-03 -2.329330905632092438e-03 -2.722737638098152255e-03 -3.053623081751764747e-03 -3.328765958816906970e-03 -3.554814089707330864e-03 -3.738139968680298433e-03 -3.884727342341326006e-03 -4.000090736496837024e-03 -4.089226371254047962e-03 -4.156590670098484451e-03 -4.206101448629329283e-03 -4.241156590155367549e-03 -4.264665293557742300e-03 -4.279087571588544719e-03 -4.286478405158162044e-03 -4.288533701702163144e-03 -4.286635893145161573e-03 -4.281897606676798862e-03 -4.275202338407554231e-03 -4.267241458970105587e-03 -4.258547191803883220e-03 -4.249521443052893879e-03 -4.240460541404479991e-03 -4.231576081028579593e-03 -4.223012164280220450e-03 -4.214859425165928992e-03 -4.207166291010296620e-03 -4.207166291010296620e-03
0.000000000000000000e+00 -6.814799156934705105e-04 -1.280930618520540994e-03 -1.803631468937255764e-03 -2.255264915111813897e-03 -2.641803350319142912e-03 -2.969376668951177571e-03 -3.244133865840618559e-03 -3.472110748460450775e-03 -3.659113102264453712e-03 -3.810621310977415407e-03 -3.931719189269648751e-03 -4.027047086768677925e-03 -4.100777368620028493e-03 -4.156609174565015566e-03 -4.197778795859888508e-03 -4.227081929164894919e-03 -4.246904308704010401e-03 -4.259257645847806459e-03 -4.265818314955128164e-03 -4.267966744476653709e-03 -4.266825958984240240e-03 -4.263298147678570328e-03 -4.258098499226898627e-03 -4.251785841999497148e-03 -4.244789868942304076e-03 -4.237434916405082887e-03 -4.229960416472376174e-03 -4.222538263260340249e-03 -4.215287435605343316e-03 -4.208286311564635521e-03 -4.208286311564635521e-03
0.000000000000000000e+00 -6.576189770593892378e-04 -1.237856560047719641e-03 -1.745750558632224586e-03 -2.186637672081979435e-03 -2.566065349364631161e-03 -2.889688216873738218e-03 -3.163158617535247880e-03 -3.392020268683454323e-03 -3.581612408780400665e-03 -3.736989579896985922e-03 -3.862859864669454697e-03 -3.963542317662434138e-03 -4.042942701942245538e-03 -4.104545526131326248e-03 -4.151419742892873896e-03 -4.186235230803228916e-03 -4.211287233268744788e-03 -4.228526170135435067e-03 -4.239590585917229343e-03 -4.245841389682885984e-03 -4.248395931965970838e-03 -4.248160826651223125e-03 -4.245862746497785882e-03 -4.242076694761687423e-03 -4.237251483330766941e-03 -4.231732334707640278e-03 -4.225780678031454927e-03 -4.219591336134647860e-03 -4.213307409789020762e-03 -4.207033265201275650e-03 -4.207033265201275650e-03
0.000000000000000000e+00 -6.362532329708476186e-04 -1.199057686370355634e-03 -1.693250339648203970e-03 -2.123896559027376157e-03 -2.496216662308346507e-03 -2.815499787884308963e-03 -3.087012653369062068e-03 -3.315910460355951314e-03 -3.507155993741151948e-03 -3.665451260919963712e-03 -3.795184186882087987e-03 -3.900391207227861621e-03 -3.984735250965941271e-03 -4.051497643671995302e-03 -4.103581877938865946e-03 -4.143526935485667903e-03 -4.173527828232700965e-03 -4.195461177747040332e-03 -4.210913907079357095e-03 -4.221213423627274454e-03 -4.227457988358535208e-03 -4.230546270537483868e-03 -4.231205363470051835e-03 -4.230016778973492986e-03 -4.227440145047991690e-03 -4.223834504995050212e-03 -4.219477261681559357e-03 -4.214580933768373276e-03 -4.209307998109769119e-03 -4.203784190966747096e-03 -4.203784190966747096e-03
0.000000000000000000e+00 -6.173378630319430313e-04 -1.164509542244843631e-03 -1.646184404778951865e-03 -2.067218408078996816e-03 -2.432587143571221262e-03 -2.747307904904161199e-03 -3.016357850583276882e-03 -3.244594826055188612e-03 -3.436686135135926315e-03 -3.597048908134892631e-03 -3.729804048745592824e-03 -3.838744286585549399e-03 -3.927315734625387231e-03 -3.998611577285733978e-03 -4.055376064415915603e-03 -4.100016798700240224e-03 -4.134623311394894710e-03 -4.160990060370927703e-03 -4.180642202426178289e-03 -4.194862748160905347e-03 -4.204719973398582215e-03 -4.211094217026743226e-03 -4.214703429875376814e-03 -4.216127047327744223e-03 -4.215827938437989759e-03 -4.214172337937784930e-03 -4.211447798029128130e-03 -4.207879308775882773e-03 -4.203643834301547949e-03 -4.198883602161592767e-03 -4.198883602161592767e-03
0.000000000000000000e+00 -6.007998010228709227e-04 -1.134107491208735446e-03 -1.604456449407076421e-03 -2.016550945982740258e-03 -2.375197784672288849e-03 -2.685227951567573101e-03 -2.951416201591635854e-03 -3.178405371149057267e-03 -3.370640350349388657e-03 -3.532314645362612682e-03 -3.667330691609233754e-03 -3.779273720989927143e-03 -3.871398069703967278e-03 -3.946624281000374150e-03 -4.007545121190830319e-03 -4.056438599260481399e-03 -4.095286186732251255e-03 -4.125794619306877818e-03 -4.149419885686077107e-03 -4.167392245218335019e-03 -4.180741347425475513e-03 -4.190320742712767138e-03 -4.196831269062359891e-03 -4.200842972035176079e-03 -4.202815365064286462e-03 -4.203115965516081472e-03 -4.202037152091608885e-03 -4.199811484275142899e-03 -4.196625708512292940e-03 -4.192633752547608728e-03 -4.192633752547608728e-03
0.000000000000000000e+00 -5.865409274078525314e-04 -1.107675078392142843e-03 -1.567835575822039852e-03 -1.971636360193161023e-03 -2.323793136158024304e-03 -2.629035135818153218e-03 -2.892018091866450317e-03 -3.117246233177745508e-03 -3.309007979580098988e-03 -3.471327208401760438e-03 -3.607929909698519809e-03 -3.722224787152950132e-03 -3.817295747727904830e-03 -3.895904050052050125e-03 -3.960497967885162965e-03 -4.013228040840016893e-03 -4.055966249253627545e-03 -4.090327719740710112e-03 -4.117693821642186974e-03 -4.139235744217803492e-03 -4.155937848223382330e-03 -4.168620264350378878e-03 -4.177960366753047730e-03 -4.184512884702834036e-03 -4.188728531544838596e-03 -4.190971129927564300e-03 -4.191533298185319209e-03 -4.190650837334450665e-03 -4.188516024039417793e-03 -4.185290074768134756e-03 -4.185290074768134756e-03
0.000000000000000000e+00 -5.744395316931177496e-04 -1.084966259848354781e-03 -1.535959875258864019e-03 -1.932018042980368803e-03 -2.277853569609107967e-03 -2.578184310934639005e-03 -2.837630752350832949e-03 -3.060630607199171099e-03 -3.251374304229250316e-03 -3.413761199325028237e-03 -3.551374027605790420e-03 -3.667468185585927819e-03 -3.764972393402224969e-03 -3.846497691855988669e-03 -3.914352281466854447e-03 -3.970560249924914679e-03 -4.016882693411253161e-03 -4.054840102652080072e-03 -4.085735166962815162e-03 -4.110675366995250428e-03 -4.130594896741410747e-03 -4.146275591206526057e-03 -4.158366647683364552e-03 -4.167403022137090851e-03 -4.173822461976978149e-03 -4.177981205179503478e-03 -4.180168435293110316e-03 -4.180619633879666640e-03 -4.179529017856158796e-03 -4.177061290355897454e-03 -4.177061290355897454e-03
0.000000000000000000e+00 -5.643496196334132778e-04 -1.065660194103736514e-03 -1.508326382094500292e-03 -1.897028794712222284e-03 -2.236586659766300663e-03 -2.531809380318697858e-03 -2.787369017928430920e-03 -3.007704080721871828e-03 -3.196955699738893587e-03 -3.358931864229065811e-03 -3.497093345659404908e-03 -3.614555026678373251e-03 -3.714097422986918900e-03 -3.798184495422420558e-03 -3.868985021243157105e-03 -3.928395699512397983e-03 -3.978064806789896948e-03 -4.019415648058930444e-03 -4.053669324882298343e-03 -4.081866520179540901e-03 -4.104888114964507645e-03 -4.123474532334069423e-03 -4.138243763603394708e-03 -4.149708079638754141e-03 -4.158289471780630964e-03 -4.164333903437099534e-03 -4.168124486311727481e-03 -4.169893724560393491e-03 -4.169834995975413988e-03 -4.168113461561900011e-03 -4.168113461561900011e-03
0.000000000000000000e+00 -5.560969521447446228e-04 -1.049345138047047673e-03 -1.484262247480230617e-03 -1.865755475181396809e-03 -2.198894626163932619e-03 -2.488702128286618062e-03 -2.739991069830045606e-03 -2.957259107255564082e-03 -3.144631541247429416e-03 -3.305841116078341718e-03 -3.444232057576062170e-03 -3.562778369740448280e-03 -3.664109420528090678e-03 -3.750538414344079755e-03 -3.824091208220118179e-03 -3.886534139028361822e-03 -3.939400252233878769e-03 -3.984013720718729279e-03 -4.021512441822729100e-03 -4.052868889095367910e-03 -4.078909327176035750e-03 -4.100331505588690299e-03 -4.117720946985209927e-03 -4.131565945371855689e-03 -4.142271392855350134e-03 -4.150171559542169784e-03 -4.155541959301807704e-03 -4.158610442628326437e-03 -4.159567665233337465e-03 -4.158577085817375882e-03 -4.158577085817375882e-03
0.000000000000000000e+00 -5.494693226072033419e-04 -1.035484005182556351e-03 -1.462866665658005012e-03 -1.836970662566004501e-03 -2.163312744511866354e-03 -2.447270934396289597e-03 -2.693884413994250462e-03 -2.907748882314955402e-03 -3.092982217420598649e-03 -3.253233724793053172e-03 -3.391716177094769753e-03 -3.511247039402590458e-03 -3.614291101833252712e-03 -3.703000670315035811e-03 -3.779251805795477183e-03 -3.844676347634816329e-03 -3.900690033302326668e-03 -3.948517231155115360e-03 -3.989212821863525812e-03 -4.023681703764550414e-03 -4.052696314674414726e-03 -4.076912484420379054e-03 -4.096883869059619356e-03 -4.113075171431048067e-03 -4.125874321341586014e-03 -4.135603768789563976e-03 -4.142531031328589540e-03 -4.146878628352812166e-03 -4.148833527506329624e-03 -4.148556218720528960e-03 -4.148556218720528960e-03
0.000000000000000000e+00 -5.441954445147196597e-04 -1.023345905624039676e-03 -1.442903634084506627e-03 -1.809015959884638760e-03 -2.127913254751064801e-03 -2.405484057222228092e-03 -2.647053925722920101e-03 -2.857315692139270405e-03 -3.040348323083637110e-03 -3.199676716627723131e-03 -3.338343580730711042e-03 -3.458978776177422821e-03 -3.563860206620515260e-03 -3.654964926416144014e-03 -3.734011214243695021e-03 -3.802493084891065637e-03 -3.861708786120180825e-03 -3.912784635900530029e-03 -3.956695288981510253e-03 -3.994281266611055849e-03 -4.026264370985541650e-03 -4.053261442849927579e-03 -4.075796801738397479e-03 -4.094313625129220556e-03 -4.109184466343270524e-03 -4.120721073301032711e-03 -4.129183644482089903e-03 -4.134789639004282473e-03 -4.137722239999644218e-03 -4.138138550399059201e-03 -4.138138550399059201e-03
0.000000000000000000e+00 -5.398989596206317911e-04 -1.011869685253727336e-03 -1.422608532311567340e-03 -1.779615415429721889e-03 -2.090174961234858401e-03 -2.360814804633937312e-03 -2.597137770047168188e-03 -2.803860485502011023e-03 -2.984934106296398618e-03 -3.143679496416163736e-03 -3.282908035002162807e-03 -3.405019773819719688e-03 -3.512079685076018466e-03 -3.605875800742478973e-03 -3.687963460263381059e-03 -3.759699318143110841e-03 -3.822267962625774517e-03 -3.876703253691092445e-03 -3.923905890623839536e-03 -3.964658271220191516e-03 -3.999637382848694918e-03 -4.029426241261570632e-03 -4.054524240321290100e-03 -4.075356673799117660e-03 -4.092283623140144898e-03 -4.105608360588468980e-03 -4.115585386339138362e-03 -4.122428194561341026e-03 -4.126316840749746397e-03 -4.127405357253322200e-03 -4.127405357253322200e-03
0.000000000000000000e+00 -5.359919910503810683e-04 -9.993822132484981181e-04 -1.399342214288960525e-03 -1.745598971362870245e-03 -2.046842683394473929e-03 -2.310236505756348927e-03 -2.541503047636535419e-03 -2.745197679448614127e-03 -2.924987102631167006e-03 -3.083874903933905495e-03 -3.224368041359791052e-03 -3.348594794980984564e-03 -3.458387112622872232e-03 -3.555338198007518269e-03 -3.640843342319296117e-03 -3.716129559832120639e-03 -3.782277775839015983e-03 -3.840240053089246514e-03 -3.890853492909631187e-03 -3.934851885319179572e-03 -3.972875815475370234e-03 -4.005481696329900830e-03 -4.033150045045298324e-03 -4.056293223779785379e-03 -4.075262803916498977e-03 -4.090356673118759369e-03 -4.101825977263127976e-03 -4.109881967429288713e-03 -4.114702800317675442e-03 -4.116440314092860951e-03 -4.116440314092860951e-03
0.000000000000000000e+00 -5.314000825793050624e-04 -9.829854478776776754e-04 -1.368987788408806668e-03 -1.702556605550921507e-03 -1.993872847698718778e-03 -2.250379110397480054e-03 -2.477513899775548537e-03 -2.679358303955619962e-03 -2.859090035207802714e-03 -3.019277379878118877e-03 -3.162063935543249320e-03 -3.289284135362361902e-03 -3.402536209639382084e-03 -3.503229246293470493e-03 -3.592614499017106333e-03 -3.671807070493726764e-03 -3.741801669942613866e-03 -3.803484688741303344e-03 -3.857643965113689496e-03 -3.904977083682164944e-03 -3.946098738412781755e-03 -3.981547495422827973e-03 -4.011792175976139178e-03 -4.037238009980850632e-03 -4.058232668040488537e-03 -4.075072253872145424e-03 -4.088007320860863325e-03 -4.097248961052315369e-03 -4.102974997557432175e-03 -4.105336288184189414e-03 -4.105336288184189414e-03
0.000000000000000000e+00 -5.237110406144914257e-04 -9.571429050097946629e-04 -1.325005968942593671e-03 -1.644629962732501675e-03 -1.926740435481537252e-03 -2.178068319062485218e-03 -2.403109608310955055e-03 -2.605109463818155741e-03 -2.786587141370469676e-03 -2.949614843009287952e-03 -3.095968022081022064e-03 -3.227208492390777964e-03 -3.344731998451102271e-03 -3.449796679760092164e-03 -3.543541079591709837e-03 -3.626996334082850746e-03 -3.701095074981774428e-03 -3.766678458476017868e-03 -3.824502123515408861e-03 -3.875241546310724278e-03 -3.919497068907176057e-03 -3.957798773149952265e-03 -3.990611311348748677e-03 -4.018338771603821406e-03 -4.041329637489709213e-03 -4.059881891462543101e-03 -4.074248304193756054e-03 -4.084641944488652185e-03 -4.091241933510248938e-03 -4.094199449759292932e-03 -4.094199449759292932e-03
0.000000000000000000e+00 -5.056794986760564841e-04 -9.103702343546750701e-04 -1.257586654899464076e-03 -1.565253767619153094e-03 -1.841724961179431281e-03 -2.091584463964483217e-03 -2.317825949828823586e-03 -2.522708915342329952e-03 -2.708111764453564711e-03 -2.875684575048358636e-03 -3.026918634238051371e-03 -3.163179967891224104e-03 -3.285726701417718710e-03 -3.395718914591797088e-03 -3.494224920179395556e-03 -3.582225817989671737e-03 -3.660619230537818375e-03 -3.730222680830633242e-03 -3.791776855320884172e-03 -3.845948885788664715e-03 -3.893335728094850842e-03 -3.934467687604649086e-03 -3.969812127863518031e-03 -3.999777394122674967e-03 -4.024716982681781664e-03 -4.044933988192021823e-03 -4.060685862090576519e-03 -4.072189514483594980e-03 -4.079626787317545619e-03 -4.083150316654933845e-03 -4.083150316654933845e-03
0.000000000000000000e+00 -4.444392052126873156e-04 -8.202273253794762709e-04 -1.156018834442373465e-03 -1.460984510095094877e-03 -1.739125617030926139e-03 -1.992894165871269673e-03 -2.224205318156818965e-03 -2.434743316113590662e-03 -2.626059454633659310e-03 -2.799604999089422112e-03 -2.956742886406653423e-03 -3.098752335202669198e-03 -3.226831082917677382e-03 -3.342096873760982099e-03 -3.445588777100624164e-03 -3.538268556539910740e-03 -3.621022183179808344e-03 -3.694661539698750226e-03 -3.759926343023479653e-03 -3.817486305103196757e-03 -3.867943547927574395e-03 -3.911835288572148607e-03 -3.949636811960425403e-03 -3.981764752670115086e-03 -4.008580711899307168e-03 -4.030395240950696012e-03 -4.047472227475369146e-03 -4.060033724318964400e-03 -4.068265262095527302e-03 -4.072321684406690449e-03 -4.072321684406690449e-03
0.000000000000000000e+00 -3.483307237767452368e-04 -7.018149548545282767e-04 -1.035921771831813717e-03 -1.345399801910914569e-03 -1.629972046154298413e-03 -1.890723890105128029e-03 -2.129097979430416478e-03 -2.346594469301872994e-03 -2.544678137543317752e-03 -2.724749559109747917e-03 -2.888136669647640205e-03 -3.036092792930692678e-03 -3.169796625905081568e-03 -3.290352761629093421e-03 -3.398792354509915219e-03 -3.496073864674165751e-03 -3.583083915961933399e-03 -3.660638321316613420e-03 -3.729483324673162938e-03 -3.790297098790145966e-03 -3.843691530232477924e-03 -3.890214317773690519e-03 -3.930351409069622257e-03 -3.964529802158585706e-03 -3.993120742530569325e-03 -4.016443352463884217e-03 -4.034768736323257783e-03 -4.048324612846519038e-03 -4.057300532468726025e-03 -4.061853743877762157e-03 -4.061853743877762157e-03
0.000000000000000000e+00 -2.886864789929441248e-04 -6.146030919865786432e-04 -9.383754507293416269e-04 -1.246015560113923832e-03 -1.532912908678717764e-03 -1.798040100920768151e-03 -2.041781273971306904e-03 -2.265081580490851954e-03 -2.469098836476625244e-03 -2.655054490081751664e-03 -2.824167016488539090e-03 -2.977620734919153144e-03 -3.116550436488479958e-03 -3.242033371407438292e-03 -3.355084851022938248e-03 -3.456655766681097832e-03 -3.547631240404611457e-03 -3.628830038381653314e-03 -3.701004571178329386e-03 -3.764841395771803025e-03 -3.820962179142339647e-03 -3.869925106883324861e-03 -3.912226735133321823e-03 -3.948304295748965818e-03 -3.978538475591522974e-03 -4.003256702176332879e-03 -4.022736980121538464e-03 -4.037212335943608961e-03 -4.046875942865993739e-03 -4.051887012663781158e-03 -4.051887012663781158e-03
0.000000000000000000e+00 -2.738588683023866223e-04 -5.737144558198552929e-04 -8.790290701539719628e-04 -1.176444990702366295e-03 -1.459016730637139160e-03 -1.723609188841144189e-03 -1.969144442213677498e-03 -2.195622823315692470e-03 -2.403601975880404265e-03 -2.593920988092362698e-03 -2.767552319567124011e-03 -2.925520436405923581e-03 -3.068855750589342089e-03 -3.198567655087803698e-03 -3.315628190244884234e-03 -3.420961850690136530e-03 -3.515439105558561868e-03 -3.599872292173428735e-03 -3.675013126028837517e-03 -3.741551388418783760e-03 -3.800114531751835108e-03 -3.851268046648101320e-03 -3.895516498959971340e-03 -3.933305187497625720e-03 -3.965022404584074914e-03 -3.991002307180946049e-03 -4.011528429376005553e-03 -4.026837889447141931e-03 -4.037126367932688913e-03 -4.042553958487726633e-03 -4.042553958487726633e-03
0.000000000000000000e+00 -2.710046667414683333e-04 -5.567514865222381558e-04 -8.472294103091076696e-04 -1.133312919329968306e-03 -1.408656845234200006e-03 -1.669473273390612543e-03 -1.913802834531536145e-03 -2.140872083101937051e-03 -2.350642209417849390e-03 -2.543516853644611601e-03 -2.720158481839867783e-03 -2.881373654174522285e-03 -3.028040827651052366e-03 -3.161064271502896008e-03 -3.281344129295610083e-03 -3.389756628408283155e-03 -3.487140817701661274e-03 -3.574289631016862485e-03 -3.651943918633316927e-03 -3.720788596209775607e-03 -3.781450370040685596e-03 -3.834496690244336252e-03 -3.880435707583446484e-03 -3.919717093133308003e-03 -3.952733639615405720e-03 -3.979823608899670656e-03 -4.001273828110776636e-03 -4.017323570986702959e-03 -4.028169294584026290e-03 -4.033970336655159049e-03 -4.033970336655159049e-03
0.000000000000000000e+00 -2.729114113929088643e-04 -5.522902497799330509e-04 -8.332477401268227439e-04 -1.110149269425568172e-03 -1.378214703978032337e-03 -1.634014821769341199e-03 -1.875388947502609977e-03 -2.101173960212827235e-03 -2.310926622987633742e-03 -2.504697989230188389e-03 -2.682866409574430691e-03 -2.846019023052924132e-03 -2.994869140402934334e-03 -3.130198923715720068e-03 -3.252819531024124522e-03 -3.363543262708945398e-03 -3.463164000391713050e-03 -3.552443447012612870e-03 -3.632101497274647234e-03 -3.702809613400215652e-03 -3.765186443890602020e-03 -3.819795166190235580e-03 -3.867142200149400588e-03 -3.907677055602072451e-03 -3.941793162154743485e-03 -3.969829594073143349e-03 -3.992073655681803619e-03 -4.008764338321276974e-03 -4.020096702706399926e-03 -4.026227283992569322e-03 -4.026227283992569322e-03
0.000000000000000000e+00 -2.772076230822393588e-04 -5.548682185533181576e-04 -8.306429585924052488e-04 -1.101208455062725137e-03 -1.363283253766593749e-03 -1.614174275026086661e-03 -1.851946601972496087e-03 -2.075384605494920692e-03 -2.283869440766370888e-03 -2.477241292485730332e-03 -2.655675844718080342e-03 -2.819583766030138265e-03 -2.969532849786516316e-03 -3.106189258228490759e-03 -3.230273791158947035e-03 -3.342529574513097151e-03 -3.443698295312075820e-03 -3.534502804374383203e-03 -3.615634477116222781e-03 -3.687744158678425178e-03 -3.751435843232511173e-03 -3.807262474687271320e-03 -3.855723430318341860e-03 -3.897263378323045403e-03 -3.932272298524371566e-03 -3.961086532245465530e-03 -3.983990789888343723e-03 -4.001221098337756459e-03 -4.012968719314106980e-03 -4.019385118142622740e-03 -4.019385118142622740e-03
0.000000000000000000e+00 -2.828644136714755677e-04 -5.616686255370551819e-04 -8.354034086410274534e-04 -1.102197387519596996e-03 -1.359936016759043112e-03 -1.606688937737370823e-03 -1.840929803822998227e-03 -2.061602002946564486e-03 -2.268094254337320315e-03 -2.460174808206088293e-03 -2.637913942724923275e-03 -2.801609984563770400e-03 -2.951725167843212948e-03 -3.088832879863931402e-03 -3.213575622204324720e-03 -3.326632183246145628e-03 -3.428692366725910601e-03 -3.520437763222976964e-03 -3.602527292340899651e-03 -3.675586493023358901e-03 -3.740199762340041395e-03 -3.796904929335534126e-03 -3.846189701467442150e-03 -3.888489642101450317e-03 -3.924187434603476458e-03 -3.953613267403257442e-03 -3.977046239797969382e-03 -3.994716744292158006e-03 -4.006809831616780712e-03 -4.013469612979708202e-03 -4.013469612979708202e-03
0.000000000000000000e+00 -2.893402282682218884e-04 -5.710982380826997405e-04 -8.449885477328546992e-04 -1.110048383938475611e-03 -1.365010645071465696e-03 -1.608604783823915953e-03 -1.839750563001837230e-03 -2.057653257578574788e-03 -2.261827316430194221e-03 -2.452076639274169273e-03 -2.628453282051035518e-03 -2.791208851743171970e-03 -2.940746733855750632e-03 -3.077579144032164659e-03 -3.202290489267515822e-03 -3.315507159324707163e-03 -3.417873212866786355e-03 -3.510031172031369447e-03 -3.592607102415699884e-03 -3.666199220726701867e-03 -3.731369378095092133e-03 -3.788636881600791675e-03 -3.838474225104414415e-03 -3.881304397240998693e-03 -3.917499518163810104e-03 -3.947380628175249997e-03 -3.971218512424780876e-03 -3.989235498349116144e-03 -4.001608208681968655e-03 -4.008471295526967043e-03 -4.008471295526967043e-03
0.000000000000000000e+00 -2.963000846363546660e-04 -5.821622236830268542e-04 -8.577065064548541461e-04 -1.122547218552724310e-03 -1.376022412525688922e-03 -1.617396302920205524e-03 -1.846007165420989610e-03 -2.061356379867369630e-03 -2.263147935508851016e-03 -2.451292599762783589e-03 -2.625890318514946271e-03 -2.787201425601307670e-03 -2.935613883554653164e-03 -3.071610963815323350e-03 -3.195741739060470148e-03 -3.308595428635263246e-03 -3.410779838762508735e-03 -3.502903703139564288e-03 -3.585562523719371727e-03 -3.659327442585040644e-03 -3.724736682947471338e-03 -3.782289142796041795e-03 -3.832439786504059347e-03 -3.875596545428320380e-03 -3.912118501854655941e-03 -3.942315188519705978e-03 -3.966446887153945132e-03 -3.984725853631053590e-03 -3.997318434384505501e-03 -4.004348069598277250e-03 -4.004348069598277250e-03
0.000000000000000000e+00 -3.035009554831680136e-04 -5.941647662859962436e-04 -8.723404512687207282e-04 -1.138019572216883999e-03 -1.390979298992237739e-03 -1.630912178860349478e-03 -1.857528052499918475e-03 -2.070622998768704287e-03 -2.270117396267282324e-03 -2.456069188438547712e-03 -2.628669624981271307e-03 -2.788228147315051884e-03 -2.935151677217936236e-03 -3.069922023173504884e-03 -3.193073779069200476e-03 -3.305174069101093470e-03 -3.406804783496275059e-03 -3.498547494686493880e-03 -3.580970975811078802e-03 -3.654621103862538620e-03 -3.720012872817891284e-03 -3.777624235209801548e-03 -3.827891511905758166e-03 -3.871206145346807372e-03 -3.907912612519458262e-03 -3.938307355338522761e-03 -3.962638624728190284e-03 -3.981107168096928092e-03 -3.993867715467205350e-03 -4.001031234036472872e-03 -4.001031234036472872e-03
0.000000000000000000e+00 -3.107333605509884737e-04 -6.065455272384314084e-04 -8.879133141075433010e-04 -1.155090371931534075e-03 -1.408189313539470224e-03 -1.647254199675056126e-03 -1.872321088720354772e-03 -2.083463579710979983e-03 -2.280822175078279189e-03 -2.464618710045480329e-03 -2.635158714940574482e-03 -2.792825146964017860e-03 -2.938066726543826432e-03 -3.071383515313246514e-03 -3.193311666056240436e-03 -3.304408626262995887e-03 -3.405239557011526755e-03 -3.496365349892206330e-03 -3.578332369896501490e-03 -3.651663894835145956e-03 -3.716853135117823611e-03 -3.774357679020332468e-03 -3.824595200617649741e-03 -3.867940278028324155e-03 -3.904722190106484601e-03 -3.935223584702493733e-03 -3.959679937338891204e-03 -3.978279742419967881e-03 -3.991165395415872431e-03 -3.998434724806860727e-03 -3.998434724806860727e-03
0.000000000000000000e+00 -3.177796268249866315e-04 -6.187662548130201624e-04 -9.035136054309013702e-04 -1.172485181445840794e-03 -1.426075589825592620e-03 -1.664631520378571580e-03 -1.888476986155079081e-03 -2.097938302850962337e-03 -2.293364186623171336e-03 -2.475138709210258220e-03 -2.643686977749984401e-03 -2.799474673260902036e-03 -2.943003081394356124e-03 -3.074801250054889825e-03 -3.195416655377701729e-03 -3.305405419128446334e-03 -3.405322793292515568e-03 -3.495714355493883489e-03 -3.577108153927405828e-03 -3.650007898041673395e-03 -3.714887199821137118e-03 -3.772184817473889836e-03 -3.822300827298758408e-03 -3.865593641457998764e-03 -3.902377792662831482e-03 -3.932922416765642117e-03 -3.957450377885926053e-03 -3.976137995879469415e-03 -3.989115350194520626e-03 -3.996467138488577452e-03 -3.996467138488577452e-03
0.000000000000000000e+00 -3.243652730367425365e-04 -6.301939787653186055e-04 -9.181233371985416227e-04 -1.188833959345593667e-03 -1.442987415083081581e-03 -1.681201324400220451e-03 -1.904050845026709861e-03 -2.112081525427996279e-03 -2.305824213791413980e-03 -2.485807404798925316e-03 -2.652565317610670360e-03 -2.806641609301972935e-03 -2.948589400119236079e-03 -3.078968554015828508e-03 -3.198341147556263593e-03 -3.307265919863434760e-03 -3.406292314423146807e-03 -3.495954547969660434e-03 -3.576765993769407889e-03 -3.649214052405395578e-03 -3.713755600678879908e-03 -3.770813053176407751e-03 -3.820771035336043703e-03 -3.863973645953334372e-03 -3.900722276508866281e-03 -3.931273951182661167e-03 -3.955840152932511671e-03 -3.974586107226203181e-03 -3.987630509066633286e-03 -3.995045715032256514e-03 -3.995045715032256514e-03
0.000000000000000000e+00 -3.300675178264907486e-04 -6.399159514573092220e-04 -9.303848310956494691e-04 -1.202434239946562457e-03 -1.456988455964245734e-03 -1.694897139253484291e-03 -1.916936064008453646e-03 -2.123820459302930112e-03 -2.316220631643542936e-03 -2.494775726810538694e-03 -2.660104140780792346e-03 -2.812810341795556925e-03 -2.953488460226622210e-03 -3.082723248177606824e-03 -3.201089063220064878e-03 -3.309147481733489601e-03 -3.407444052912220536e-03 -3.496504597838911294e-03 -3.576831357206214628e-03 -3.648899204643207047e-03 -3.713152072636323551e-03 -3.769999683978864004e-03 -3.819814641291600921e-03 -3.862929897697959560e-03 -3.899636610543968842e-03 -3.930182364806722971e-03 -3.954769741761079115e-03 -3.973555200676662930e-03 -3.986648237665036711e-03 -3.994110791394041814e-03 -3.994110791394041814e-03
0.000000000000000000e+00 -3.340606245234765091e-04 -6.463491827021645422e-04 -9.382204337327253261e-04 -1.210934105564813066e-03 -1.465612497189446549e-03 -1.703252642542330908e-03 -1.924747917259383989e-03 -2.130909582087509111e-03 -2.322485751002668474e-03 -2.500176972689108733e-03 -2.664648240081557862e-03 -2.816537586109465249e-03 -2.956461633993667966e-03 -3.085018582925349185e-03 -3.202789146300589855e-03 -3.310335941787689688e-03 -3.408201781051144359e-03 -3.496907238920908718e-03 -3.576947809445582202e-03 -3.648790887410184678e-03 -3.712872752746773208e-03 -3.769595683451075832e-03 -3.819325280088768301e-03 -3.862388050682191969e-03 -3.899069277131323331e-03 -3.929611161501248527e-03 -3.954211230505158374e-03 -3.973020957020059404e-03 -3.986144534639742693e-03 -3.993637701330782913e-03 -3.993637701330782913e-03
0.000000000000000000e+00 -3.340606245234765091e-04 -6.463491827021645422e-04 -9.382204337327253261e-04 -1.210934105564813066e-03 -1.465612497189446549e-03 -1.703252642542330908e-03 -1.924747917259383989e-03 -2.130909582087509111e-03 -2.322485751002668474e-03 -2.500176972689108733e-03 -2.664648240081557862e-03 -2.816537586109465249e-03 -2.956461633993667966e-03 -3.085018582925349185e-03 -3.202789146300589855e-03 -3.310335941787689688e-03 -3.408201781051144359e-03 -3.496907238920908718e-03 -3.576947809445582202e-03 -3.648790887410184678e-03 -3.712872752746773208e-03 -3.769595683451075832e-03 -3.819325280088768301e-03 -3.862388050682191969e-03 -3.899069277131323331e-03 -3.929611161501248527e-03 -3.954211230505158374e-03 -3.973020957020059404e-03 -3.986144534639742693e-03 -3.993637701330782913e-03 -3.993637701330782913e-03
