# Final temperature field (K)
# shape: (64, 32)
3.231499999999999773e+02 3.231499999999999773e+02 3.231499999999999773e+02 3.231499999999999773e+02 3.231499999999999773e+02 3.231499999999999773e+02 3.231499999999999773e+02 3.231499999999999773e+02 3.231499999999999773e+02 3.231499999999999773e+02 3.231499999999999773e+02 3.231499999999999773e+02 3.231499999999999773e+02 3.231499999999999773e+02 3.231499999999999773e+02 3.231499999999999773e+02 3.231499999999999773e+02 3.231499999999999773e+02 3.231499999999999773e+02 3.231499999999999773e+02 3.231499999999999773e+02 3.231499999999999773e+02 3.231499999999999773e+02 3.231499999999999773e+02 3.231499999999999773e+02 3.231499999999999773e+02 3.231499999999999773e+02 3.231499999999999773e+02 3.231499999999999773e+02 3.231499999999999773e+02 3.231499999999999773e+02 3.231499999999999773e+02
3.231499999999999773e+02 3.231499999999999773e+02 3.231499999999999773e+02 3.231499999999999773e+02 3.231499999999999773e+02 3.231499999999999773e+02 3.231499999999999773e+02 3.231499999999999773e+02 3.231499999999999773e+02 3.231499999999999773e+02 3.231499999999999773e+02 3.231499999999999773e+02 3.231499999999999773e+02 3.231499999999999773e+02 3.231499999999999773e+02 3.231499999999999773e+02 3.231499999999999773e+02 3.231499999999999773e+02 3.231499999999999773e+02 3.231499999999999773e+02 3.231499999999999773e+02 3.231499999999999773e+02 3.231499999999999773e+02 3.231499999999999773e+02 3.231499999999999773e+02 3.231499999999999773e+02 3.231499999999999773e+02 3.231499999999999773e+02 3.231499999999999773e+02 3.231499999999999773e+02 3.231499999999999773e+02 3.231499999999999773e+02
3.231499999999999773e+02 3.231499999999999773e+02 3.231499999999999773e+02 3.231499999999999773e+02 3.231499999999999773e+02 3.231499999999999773e+02 3.231499999999999773e+02 3.231499999999999773e+02 3.231499999999999773e+02 3.231499999999999773e+02 3.231499999999999773e+02 3.231499999999999773e+02 3.231499999999999773e+02 3.231499999999999773e+02 3.231499999999999773e+02 3.231499999999999773e+02 3.231499999999999773e+02 3.231499999999999773e+02 3.231499999999999773e+02 3.231499999999999773e+02 3.231499999999999773e+02 3.231499999999999773e+02 3.231499999999999773e+02 3.231499999999999773e+02 3.231499999999999773e+02 3.231499999999999773e+02 3.231499999999999773e+02 3.231499999999999773e+02 3.231499999999999773e+02 3.231499999999999773e+02 3.231499999999999773e+02 3.231499999999999773e+02
3.231499999999999773e+02 3.231499999999999773e+02 3.231499999999999773e+02 3.231499999999999773e+02 3.231499999999999773e+02 3.231499999999999773e+02 3.231499999999999773e+02 3.231499999999999773e+02 3.231499999999999773e+02 3.231499999999999773e+02 3.231499999999999773e+02 3.231499999999999773e+02 3.231499999999999773e+02 3.231499999999999773e+02 3.231499999999999773e+02 3.231499999999999773e+02 3.231499999999999773e+02 3.231499999999999773e+02 3.231499999999999773e+02 3.231499999999999773e+02 3.231499999999999773e+02 3.231499999999999773e+02 3.231499999999999773e+02 3.231499999999999773e+02 3.231499999999999773e+02 3.231499999999999773e+02 3.231499999999999773e+02 3.231499999999999773e+02 3.231499999999999773e+02 3.231499999999999773e+02 3.231499999999999773e+02 3.231499999999999773e+02
3.231499999999999773e+02 3.231499999999999773e+02 3.231499999999999773e+02 3.231499999999999773e+02 3.231499999999999773e+02 3.231499999999999773e+02 3.231499999999999773e+02 3.231499999999999773e+02 3.231499999999999773e+02 3.231499999999999773e+02 3.231499999999999773e+02 3.231499999999999773e+02 3.231499999999999773e+02 3.231499999999999773e+02 3.231499999999999773e+02 3.231499999999999773e+02 3.231499999999999773e+02 3.231499999999999773e+02 3.231499999999999773e+02 3.231499999999999773e+02 3.231499999999999773e+02 3.231499999999999773e+02 3.231499999999999773e+02 3.231499999999999773e+02 3.231499999999999773e+02 3.231499999999999773e+02 3.231499999999999773e+02 3.231499999999999773e+02 3.231499999999999773e+02 3.231499999999999773e+02 3.231499999999999773e+02 3.231499999999999773e+02
3.231499999999999773e+02 3.231499999999999773e+02 3.231499999999999773e+02 3.231499999999999773e+02 3.231499999999999773e+02 3.231499999999999773e+02 3.231499999999999773e+02 3.231499999999999773e+02 3.231499999999999773e+02 3.231499999999999773e+02 3.231499999999999773e+02 3.231499999999999773e+02 3.231499999999999773e+02 3.231499999999999773e+02 3.231499999999999773e+02 3.231499999999999773e+02 3.231499999999999773e+02 3.231499999999999773e+02 3.231499999999999773e+02 3.231499999999999773e+02 3.231499999999999773e+02 3.231499999999999773e+02 3.231499999999999773e+02 3.231499999999999773e+02 3.231499999999999773e+02 3.231499999999999773e+02 3.231499999999999773e+02 3.231499999999999773e+02 3.231499999999999773e+02 3.231499999999999773e+02 3.231499999999999773e+02 3.231499999999999773e+02
3.231499999999999773e+02 3.231499999999999773e+02 3.231499999999999773e+02 3.231499999999999773e+02 3.231499999999999773e+02 3.231499999999999773e+02 3.231499999999999773e+02 3.231499999999999773e+02 3.231499999999999773e+02 3.231499999999999773e+02 3.231499999999999773e+02 3.231499999999999773e+02 3.231499999999999773e+02 3.231499999999999773e+02 3.231499999999999773e+02 3.231499999999999773e+02 3.231499999999999773e+02 3.231499999999999773e+02 3.231499999999999773e+02 3.231499999999999773e+02 3.231499999999999773e+02 3.231499999999999773e+02 3.231499999999999773e+02 3.231499999999999773e+02 3.231499999999999773e+02 3.231499999999999773e+02 3.231499999999999773e+02 3.231499999999999773e+02 3.231499999999999773e+02 3.231499999999999773e+02 3.231499999999999773e+02 3.231499999999999773e+02
3.231499999999999773e+02 3.231499999999999773e+02 3.231499999999999773e+02 3.231499999999999773e+02 3.231499999999999773e+02 3.231499999999999773e+02 3.231499999999999773e+02 3.231499999999999773e+02 3.231499999999999773e+02 3.231499999999999773e+02 3.231499999999999773e+02 3.231499999999999773e+02 3.231499999999999773e+02 3.231499999999999773e+02 3.231499999999999773e+02 3.231499999999999773e+02 3.231499999999999773e+02 3.231499999999999773e+02 3.231499999999999773e+02 3.231499999999999773e+02 3.231499999999999773e+02 3.231499999999999773e+02 3.231499999999999773e+02 3.231499999999999773e+02 3.231499999999999773e+02 3.231499999999999773e+02 3.231499999999999773e+02 3.231499999999999773e+02 3.231499999999999773e+02 3.231499999999999773e+02 3.231499999999999773e+02 3.231499999999999773e+02
3.231500000000001478e+02 3.231500000000001478e+02 3.231500000000001478e+02 3.231500000000001478e+02 3.231500000000001478e+02 3.231500000000001478e+02 3.231500000000001478e+02 3.231500000000001478e+02 3.231500000000001478e+02 3.231500000000001478e+02 3.231500000000001478e+02 3.231500000000001478e+02 3.231500000000001478e+02 3.231500000000001478e+02 3.231500000000001478e+02 3.231500000000001478e+02 3.231500000000001478e+02 3.231500000000001478e+02 3.231500000000001478e+02 3.231500000000001478e+02 3.231500000000001478e+02 3.231500000000001478e+02 3.231500000000001478e+02 3.231500000000001478e+02 3.231500000000001478e+02 3.231500000000001478e+02 3.231500000000001478e+02 3.231500000000001478e+02 3.231500000000001478e+02 3.231500000000001478e+02 3.231500000000001478e+02 3.231500000000001478e+02
3.231500000000318664e+02 3.231500000000318664e+02 3.231500000000318664e+02 3.231500000000318664e+02 3.231500000000318664e+02 3.231500000000318664e+02 3.231500000000318664e+02 3.231500000000318664e+02 3.231500000000318664e+02 3.231500000000318664e+02 3.231500000000318664e+02 3.231500000000318664e+02 3.231500000000318664e+02 3.231500000000318664e+02 3.231500000000318664e+02 3.231500000000318664e+02 3.231500000000318664e+02 3.231500000000318664e+02 3.231500000000318664e+02 3.231500000000318664e+02 3.231500000000318664e+02 3.231500000000318664e+02 3.231500000000318664e+02 3.231500000000318664e+02 3.231500000000318664e+02 3.231500000000318664e+02 3.231500000000318664e+02 3.231500000000318664e+02 3.231500000000318664e+02 3.231500000000318664e+02 3.231500000000318664e+02 3.231500000000318664e+02
3.231500000043420755e+02 3.231500000043420755e+02 3.231500000043420755e+02 3.231500000043420755e+02 3.231500000043420755e+02 3.231500000043420755e+02 3.231500000043420755e+02 3.231500000043420755e+02 3.231500000043420755e+02 3.231500000043420755e+02 3.231500000043420755e+02 3.231500000043420755e+02 3.231500000043420755e+02 3.231500000043420755e+02 3.231500000043420755e+02 3.231500000043420755e+02 3.231500000043420755e+02 3.231500000043420755e+02 3.231500000043420755e+02 3.231500000043420755e+02 3.231500000043420755e+02 3.231500000043420755e+02 3.231500000043420755e+02 3.231500000043420755e+02 3.231500000043420755e+02 3.231500000043420755e+02 3.231500000043420755e+02 3.231500000043420755e+02 3.231500000043420755e+02 3.231500000043420755e+02 3.231500000043420755e+02 3.231500000043420755e+02
3.231500004731440185e+02 3.231500004731440185e+02 3.231500004731440185e+02 3.231500004731440185e+02 3.231500004731440185e+02 3.231500004731440185e+02 3.231500004731440185e+02 3.231500004731440185e+02 3.231500004731440185e+02 3.231500004731440185e+02 3.231500004731440185e+02 3.231500004731440185e+02 3.231500004731440185e+02 3.231500004731440185e+02 3.231500004731440185e+02 3.231500004731440185e+02 3.231500004731440185e+02 3.231500004731440185e+02 3.231500004731440185e+02 3.231500004731440185e+02 3.231500004731440185e+02 3.231500004731440185e+02 3.231500004731440185e+02 3.231500004731440185e+02 3.231500004731440185e+02 3.231500004731440185e+02 3.231500004731440185e+02 3.231500004731440185e+02 3.231500004731440185e+02 3.231500004731440185e+02 3.231500004731440185e+02 3.231500004731440185e+02
3.231500403301938036e+02 3.231500403301938036e+02 3.231500403301938036e+02 3.231500403301938036e+02 3.231500403301938036e+02 3.231500403301938036e+02 3.231500403301938036e+02 3.231500403301938036e+02 3.231500403301938036e+02 3.231500403301938036e+02 3.231500403301938036e+02 3.231500403301938036e+02 3.231500403301938036e+02 3.231500403301938036e+02 3.231500403301938036e+02 3.231500403301938036e+02 3.231500403301938036e+02 3.231500403301938036e+02 3.231500403301938036e+02 3.231500403301938036e+02 3.231500403301938036e+02 3.231500403301938036e+02 3.231500403301938036e+02 3.231500403301938036e+02 3.231500403301938036e+02 3.231500403301938036e+02 3.231500403301938036e+02 3.231500403301938036e+02 3.231500403301938036e+02 3.231500403301938036e+02 3.231500403301938036e+02 3.231500403301938036e+02
3.231525942177038360e+02 3.231525942177038360e+02 3.231525942177038360e+02 3.231525942177038360e+02 3.231525942177038360e+02 3.231525942177038360e+02 3.231525942177038360e+02 3.231525942177038360e+02 3.231525942177038360e+02 3.231525942177038360e+02 3.231525942177038360e+02 3.231525942177038360e+02 3.231525942177038360e+02 3.231525942177038360e+02 3.231525942177038360e+02 3.231525942177038360e+02 3.231525942177038360e+02 3.231525942177038360e+02 3.231525942177038360e+02 3.231525942177038360e+02 3.231525942177038360e+02 3.231525942177038360e+02 3.231525942177038360e+02 3.231525942177038360e+02 3.231525942177038360e+02 3.231525942177038360e+02 3.231525942177038360e+02 3.231525942177038360e+02 3.231525942177038360e+02 3.231525942177038360e+02 3.231525942177038360e+02 3.231525942177038360e+02
3.232687319457976400e+02 3.232687319457976400e+02 3.232687319457976400e+02 3.232687319457976400e+02 3.232687319457976400e+02 3.232687319457976400e+02 3.232687319457976400e+02 3.232687319457976400e+02 3.232687319457976400e+02 3.232687319457976400e+02 3.232687319457976400e+02 3.232687319457976400e+02 3.232687319457976400e+02 3.232687319457976400e+02 3.232687319457976400e+02 3.232687319457976400e+02 3.232687319457976400e+02 3.232687319457976400e+02 3.232687319457976400e+02 3.232687319457976400e+02 3.232687319457976400e+02 3.232687319457976400e+02 3.232687319457976400e+02 3.232687319457976400e+02 3.232687319457976400e+02 3.232687319457976400e+02 3.232687319457976400e+02 3.232687319457976400e+02 3.232687319457976400e+02 3.232687319457976400e+02 3.232687319457976400e+02 3.232687319457976400e+02
3.266203431295009523e+02 3.266203431295009523e+02 3.266203431295009523e+02 3.266203431295009523e+02 3.266203431295009523e+02 3.266203431295009523e+02 3.266203431295009523e+02 3.266203431295009523e+02 3.266203431295009523e+02 3.266203431295009523e+02 3.266203431295009523e+02 3.266203431295009523e+02 3.266203431295009523e+02 3.266203431295009523e+02 3.266203431295009523e+02 3.266203431295009523e+02 3.266203431295009523e+02 3.266203431295009523e+02 3.266203431295009523e+02 3.266203431295009523e+02 3.266203431295009523e+02 3.266203431295009523e+02 3.266203431295009523e+02 3.266203431295009523e+02 3.266203431295009523e+02 3.266203431295009523e+02 3.266203431295009523e+02 3.266203431295009523e+02 3.266203431295009523e+02 3.266203431295009523e+02 3.266203431295009523e+02 3.266203431295009523e+02
3.734381066384057135e+02 3.734381066384057135e+02 3.734381066384057135e+02 3.734381066384057135e+02 3.734381066384057135e+02 3.734381066384057135e+02 3.734381066384057135e+02 3.734381066384057135e+02 3.734381066384057135e+02 3.734381066384057135e+02 3.734381066384057135e+02 3.734381066384057135e+02 3.734381066384057135e+02 3.734381066384057135e+02 3.734381066384057135e+02 3.734381066384057135e+02 3.734381066384057135e+02 3.734381066384057135e+02 3.734381066384057135e+02 3.734381066384057135e+02 3.734381066384057135e+02 3.734381066384057135e+02 3.734381066384057135e+02 3.734381066384057135e+02 3.734381066384057135e+02 3.734381066384057135e+02 3.734381066384057135e+02 3.734381066384057135e+02 3.734381066384057135e+02 3.734381066384057135e+02 3.734381066384057135e+02 3.734381066384057135e+02
4.077460965128217367e+02 4.077460965128217367e+02 4.077460965128217367e+02 4.077460965128217367e+02 4.077460965128217367e+02 4.077460965128217367e+02 4.077460965128217367e+02 4.077460965128217367e+02 4.077460965128217367e+02 4.077460965128217367e+02 4.077460965128217367e+02 4.077460965128217367e+02 4.077460965128217367e+02 4.077460965128217367e+02 4.077460965128217367e+02 4.077460965128217367e+02 4.077460965128217367e+02 4.077460965128217367e+02 4.077460965128217367e+02 4.077460965128217367e+02 4.077460965128217367e+02 4.077460965128217367e+02 4.077460965128217367e+02 4.077460965128217367e+02 4.077460965128217367e+02 4.077460965128217367e+02 4.077460965128217367e+02 4.077460965128217367e+02 4.077460965128217367e+02 4.077460965128217367e+02 4.077460965128217367e+02 4.077460965128217367e+02
4.199151446955073084e+02 4.199151446955073084e+02 4.199151446955073084e+02 4.199151446955073084e+02 4.199151446955073084e+02 4.199151446955073084e+02 4.199151446955073084e+02 4.199151446955073084e+02 4.199151446955073084e+02 4.199151446955073084e+02 4.199151446955073084e+02 4.199151446955073084e+02 4.199151446955073084e+02 4.199151446955073084e+02 4.199151446955073084e+02 4.199151446955073084e+02 4.199151446955073084e+02 4.199151446955073084e+02 4.199151446955073084e+02 4.199151446955073084e+02 4.199151446955073084e+02 4.199151446955073084e+02 4.199151446955073084e+02 4.199151446955073084e+02 4.199151446955073084e+02 4.199151446955073084e+02 4.199151446955073084e+02 4.199151446955073084e+02 4.199151446955073084e+02 4.199151446955073084e+02 4.199151446955073084e+02 4.199151446955073084e+02
4.226543632901807541e+02 4.226543632901807541e+02 4.226543632901807541e+02 4.226543632901807541e+02 4.226543632901807541e+02 4.226543632901807541e+02 4.226543632901807541e+02 4.226543632901807541e+02 4.226543632901807541e+02 4.226543632901807541e+02 4.226543632901807541e+02 4.226543632901807541e+02 4.226543632901807541e+02 4.226543632901807541e+02 4.226543632901807541e+02 4.226543632901807541e+02 4.226543632901807541e+02 4.226543632901807541e+02 4.226543632901807541e+02 4.226543632901807541e+02 4.226543632901807541e+02 4.226543632901807541e+02 4.226543632901807541e+02 4.226543632901807541e+02 4.226543632901807541e+02 4.226543632901807541e+02 4.226543632901807541e+02 4.226543632901807541e+02 4.226543632901807541e+02 4.226543632901807541e+02 4.226543632901807541e+02 4.226543632901807541e+02
4.230919576522050534e+02 4.230919576522050534e+02 4.230919576522050534e+02 4.230919576522050534e+02 4.230919576522050534e+02 4.230919576522050534e+02 4.230919576522050534e+02 4.230919576522050534e+02 4.230919576522050534e+02 4.230919576522050534e+02 4.230919576522050534e+02 4.230919576522050534e+02 4.230919576522050534e+02 4.230919576522050534e+02 4.230919576522050534e+02 4.230919576522050534e+02 4.230919576522050534e+02 4.230919576522050534e+02 4.230919576522050534e+02 4.230919576522050534e+02 4.230919576522050534e+02 4.230919576522050534e+02 4.230919576522050534e+02 4.230919576522050534e+02 4.230919576522050534e+02 4.230919576522050534e+02 4.230919576522050534e+02 4.230919576522050534e+02 4.230919576522050534e+02 4.230919576522050534e+02 4.230919576522050534e+02 4.230919576522050534e+02
4.231446439384111500e+02 4.231446439384111500e+02 4.231446439384111500e+02 4.231446439384111500e+02 4.231446439384111500e+02 4.231446439384111500e+02 4.231446439384111500e+02 4.231446439384111500e+02 4.231446439384111500e+02 4.231446439384111500e+02 4.231446439384111500e+02 4.231446439384111500e+02 4.231446439384111500e+02 4.231446439384111500e+02 4.231446439384111500e+02 4.231446439384111500e+02 4.231446439384111500e+02 4.231446439384111500e+02 4.231446439384111500e+02 4.231446439384111500e+02 4.231446439384111500e+02 4.231446439384111500e+02 4.231446439384111500e+02 4.231446439384111500e+02 4.231446439384111500e+02 4.231446439384111500e+02 4.231446439384111500e+02 4.231446439384111500e+02 4.231446439384111500e+02 4.231446439384111500e+02 4.231446439384111500e+02 4.231446439384111500e+02
4.231496024775227056e+02 4.231496024775227056e+02 4.231496024775227056e+02 4.231496024775227056e+02 4.231496024775227056e+02 4.231496024775227056e+02 4.231496024775227056e+02 4.231496024775227056e+02 4.231496024775227056e+02 4.231496024775227056e+02 4.231496024775227056e+02 4.231496024775227056e+02 4.231496024775227056e+02 4.231496024775227056e+02 4.231496024775227056e+02 4.231496024775227056e+02 4.231496024775227056e+02 4.231496024775227056e+02 4.231496024775227056e+02 4.231496024775227056e+02 4.231496024775227056e+02 4.231496024775227056e+02 4.231496024775227056e+02 4.231496024775227056e+02 4.231496024775227056e+02 4.231496024775227056e+02 4.231496024775227056e+02 4.231496024775227056e+02 4.231496024775227056e+02 4.231496024775227056e+02 4.231496024775227056e+02 4.231496024775227056e+02
4.231499759427690037e+02 4.231499759427690037e+02 4.231499759427690037e+02 4.231499759427690037e+02 4.231499759427690037e+02 4.231499759427690037e+02 4.231499759427690037e+02 4.231499759427690037e+02 4.231499759427690037e+02 4.231499759427690037e+02 4.231499759427690037e+02 4.231499759427690037e+02 4.231499759427690037e+02 4.231499759427690037e+02 4.231499759427690037e+02 4.231499759427690037e+02 4.231499759427690037e+02 4.231499759427690037e+02 4.231499759427690037e+02 4.231499759427690037e+02 4.231499759427690037e+02 4.231499759427690037e+02 4.231499759427690037e+02 4.231499759427690037e+02 4.231499759427690037e+02 4.231499759427690037e+02 4.231499759427690037e+02 4.231499759427690037e+02 4.231499759427690037e+02 4.231499759427690037e+02 4.231499759427690037e+02 4.231499759427690037e+02
4.231499988024562526e+02 4.231499988024562526e+02 4.231499988024562526e+02 4.231499988024562526e+02 4.231499988024562526e+02 4.231499988024562526e+02 4.231499988024562526e+02 4.231499988024562526e+02 4.231499988024562526e+02 4.231499988024562526e+02 4.231499988024562526e+02 4.231499988024562526e+02 4.231499988024562526e+02 4.231499988024562526e+02 4.231499988024562526e+02 4.231499988024562526e+02 4.231499988024562526e+02 4.231499988024562526e+02 4.231499988024562526e+02 4.231499988024562526e+02 4.231499988024562526e+02 4.231499988024562526e+02 4.231499988024562526e+02 4.231499988024562526e+02 4.231499988024562526e+02 4.231499988024562526e+02 4.231499988024562526e+02 4.231499988024562526e+02 4.231499988024562526e+02 4.231499988024562526e+02 4.231499988024562526e+02 4.231499988024562526e+02
4.231499999507313987e+02 4.231499999507313987e+02 4.231499999507313987e+02 4.231499999507313987e+02 4.231499999507313987e+02 4.231499999507313987e+02 4.231499999507313987e+02 4.231499999507313987e+02 4.231499999507313987e+02 4.231499999507313987e+02 4.231499999507313987e+02 4.231499999507313987e+02 4.231499999507313987e+02 4.231499999507313987e+02 4.231499999507313987e+02 4.231499999507313987e+02 4.231499999507313987e+02 4.231499999507313987e+02 4.231499999507313987e+02 4.231499999507313987e+02 4.231499999507313987e+02 4.231499999507313987e+02 4.231499999507313987e+02 4.231499999507313987e+02 4.231499999507313987e+02 4.231499999507313987e+02 4.231499999507313987e+02 4.231499999507313987e+02 4.231499999507313987e+02 4.231499999507313987e+02 4.231499999507313987e+02 4.231499999507313987e+02
4.231499999983225280e+02 4.231499999983225280e+02 4.231499999983225280e+02 4.231499999983225280e+02 4.231499999983225280e+02 4.231499999983225280e+02 4.231499999983225280e+02 4.231499999983225280e+02 4.231499999983225280e+02 4.231499999983225280e+02 4.231499999983225280e+02 4.231499999983225280e+02 4.231499999983225280e+02 4.231499999983225280e+02 4.231499999983225280e+02 4.231499999983225280e+02 4.231499999983225280e+02 4.231499999983225280e+02 4.231499999983225280e+02 4.231499999983225280e+02 4.231499999983225280e+02 4.231499999983225280e+02 4.231499999983225280e+02 4.231499999983225280e+02 4.231499999983225280e+02 4.231499999983225280e+02 4.231499999983225280e+02 4.231499999983225280e+02 4.231499999983225280e+02 4.231499999983225280e+02 4.231499999983225280e+02 4.231499999983225280e+02
4.231499999999527972e+02 4.231499999999527972e+02 4.231499999999527972e+02 4.231499999999527972e+02 4.231499999999527972e+02 4.231499999999527972e+02 4.231499999999527972e+02 4.231499999999527972e+02 4.231499999999527972e+02 4.231499999999527972e+02 4.231499999999527972e+02 4.231499999999527972e+02 4.231499999999527972e+02 4.231499999999527972e+02 4.231499999999527972e+02 4.231499999999527972e+02 4.231499999999527972e+02 4.231499999999527972e+02 4.231499999999527972e+02 4.231499999999527972e+02 4.231499999999527972e+02 4.231499999999527972e+02 4.231499999999527972e+02 4.231499999999527972e+02 4.231499999999527972e+02 4.231499999999527972e+02 4.231499999999527972e+02 4.231499999999527972e+02 4.231499999999527972e+02 4.231499999999527972e+02 4.231499999999527972e+02 4.231499999999527972e+02
4.231499999999988404e+02 4.231499999999988404e+02 4.231499999999988404e+02 4.231499999999988404e+02 4.231499999999988404e+02 4.231499999999988404e+02 4.231499999999988404e+02 4.231499999999988404e+02 4.231499999999988404e+02 4.231499999999988404e+02 4.231499999999988404e+02 4.231499999999988404e+02 4.231499999999988404e+02 4.231499999999988404e+02 4.231499999999988404e+02 4.231499999999988404e+02 4.231499999999988404e+02 4.231499999999988404e+02 4.231499999999988404e+02 4.231499999999988404e+02 4.231499999999988404e+02 4.231499999999988404e+02 4.231499999999988404e+02 4.231499999999988404e+02 4.231499999999988404e+02 4.231499999999988404e+02 4.231499999999988404e+02 4.231499999999988404e+02 4.231499999999988404e+02 4.231499999999988404e+02 4.231499999999988404e+02 4.231499999999988404e+02
4.231499999999999773e+02 4.231499999999999773e+02 4.231499999999999773e+02 4.231499999999999773e+02 4.231499999999999773e+02 4.231499999999999773e+02 4.231499999999999773e+02 4.231499999999999773e+02 4.231499999999999773e+02 4.231499999999999773e+02 4.231499999999999773e+02 4.231499999999999773e+02 4.231499999999999773e+02 4.231499999999999773e+02 4.231499999999999773e+02 4.231499999999999773e+02 4.231499999999999773e+02 4.231499999999999773e+02 4.231499999999999773e+02 4.231499999999999773e+02 4.231499999999999773e+02 4.231499999999999773e+02 4.231499999999999773e+02 4.231499999999999773e+02 4.231499999999999773e+02 4.231499999999999773e+02 4.231499999999999773e+02 4.231499999999999773e+02 4.231499999999999773e+02 4.231499999999999773e+02 4.231499999999999773e+02 4.231499999999999773e+02
4.231499999999999773e+02 4.231499999999999773e+02 4.231499999999999773e+02 4.231499999999999773e+02 4.231499999999999773e+02 4.231499999999999773e+02 4.231499999999999773e+02 4.231499999999999773e+02 4.231499999999999773e+02 4.231499999999999773e+02 4.231499999999999773e+02 4.231499999999999773e+02 4.231499999999999773e+02 4.231499999999999773e+02 4.231499999999999773e+02 4.231499999999999773e+02 4.231499999999999773e+02 4.231499999999999773e+02 4.231499999999999773e+02 4.231499999999999773e+02 4.231499999999999773e+02 4.231499999999999773e+02 4.231499999999999773e+02 4.231499999999999773e+02 4.231499999999999773e+02 4.231499999999999773e+02 4.231499999999999773e+02 4.231499999999999773e+02 4.231499999999999773e+02 4.231499999999999773e+02 4.231499999999999773e+02 4.231499999999999773e+02
4.231499999999999773e+02 4.231499999999999773e+02 4.231499999999999773e+02 4.231499999999999773e+02 4.231499999999999773e+02 4.231499999999999773e+02 4.231499999999999773e+02 4.231499999999999773e+02 4.231499999999999773e+02 4.231499999999999773e+02 4.231499999999999773e+02 4.231499999999999773e+02 4.231499999999999773e+02 4.231499999999999773e+02 4.231499999999999773e+02 4.231499999999999773e+02 4.231499999999999773e+02 4.231499999999999773e+02 4.231499999999999773e+02 4.231499999999999773e+02 4.231499999999999773e+02 4.231499999999999773e+02 4.231499999999999773e+02 4.231499999999999773e+02 4.231499999999999773e+02 4.231499999999999773e+02 4.231499999999999773e+02 4.231499999999999773e+02 4.231499999999999773e+02 4.231499999999999773e+02 4.231499999999999773e+02 4.231499999999999773e+02
4.231499999999999773e+02 4.231499999999999773e+02 4.231499999999999773e+02 4.231499999999999773e+02 4.231499999999999773e+02 4.231499999999999773e+02 4.231499999999999773e+02 4.231499999999999773e+02 4.231499999999999773e+02 4.231499999999999773e+02 4.231499999999999773e+02 4.231499999999999773e+02 4.231499999999999773e+02 4.231499999999999773e+02 4.231499999999999773e+02 4.231499999999999773e+02 4.231499999999999773e+02 4.231499999999999773e+02 4.231499999999999773e+02 4.231499999999999773e+02 4.231499999999999773e+02 4.231499999999999773e+02 4.231499999999999773e+02 4.231499999999999773e+02 4.231499999999999773e+02 4.231499999999999773e+02 4.231499999999999773e+02 4.231499999999999773e+02 4.231499999999999773e+02 4.231499999999999773e+02 4.231499999999999773e+02 4.231499999999999773e+02
4.231499999999999773e+02 4.231499999999999773e+02 4.231499999999999773e+02 4.231499999999999773e+02 4.231499999999999773e+02 4.231499999999999773e+02 4.231499999999999773e+02 4.231499999999999773e+02 4.231499999999999773e+02 4.231499999999999773e+02 4.231499999999999773e+02 4.231499999999999773e+02 4.231499999999999773e+02 4.231499999999999773e+02 4.231499999999999773e+02 4.231499999999999773e+02 4.231499999999999773e+02 4.231499999999999773e+02 4.231499999999999773e+02 4.231499999999999773e+02 4.231499999999999773e+02 4.231499999999999773e+02 4.231499999999999773e+02 4.231499999999999773e+02 4.231499999999999773e+02 4.231499999999999773e+02 4.231499999999999773e+02 4.231499999999999773e+02 4.231499999999999773e+02 4.231499999999999773e+02 4.231499999999999773e+02 4.231499999999999773e+02
4.231499999999999773e+02 4.231499999999999773e+02 4.231499999999999773e+02 4.231499999999999773e+02 4.231499999999999773e+02 4.231499999999999773e+02 4.231499999999999773e+02 4.231499999999999773e+02 4.231499999999999773e+02 4.231499999999999773e+02 4.231499999999999773e+02 4.231499999999999773e+02 4.231499999999999773e+02 4.231499999999999773e+02 4.231499999999999773e+02 4.231499999999999773e+02 4.231499999999999773e+02 4.231499999999999773e+02 4.231499999999999773e+02 4.231499999999999773e+02 4.231499999999999773e+02 4.231499999999999773e+02 4.231499999999999773e+02 4.231499999999999773e+02 4.231499999999999773e+02 4.231499999999999773e+02 4.231499999999999773e+02 4.231499999999999773e+02 4.231499999999999773e+02 4.231499999999999773e+02 4.231499999999999773e+02 4.231499999999999773e+02
4.231499999999999773e+02 4.231499999999999773e+02 4.231499999999999773e+02 4.231499999999999773e+02 4.231499999999999773e+02 4.231499999999999773e+02 4.231499999999999773e+02 4.231499999999999773e+02 4.231499999999999773e+02 4.231499999999999773e+02 4.231499999999999773e+02 4.231499999999999773e+02 4.231499999999999773e+02 4.231499999999999773e+02 4.231499999999999773e+02 4.231499999999999773e+02 4.231499999999999773e+02 4.231499999999999773e+02 4.231499999999999773e+02 4.231499999999999773e+02 4.231499999999999773e+02 4.231499999999999773e+02 4.231499999999999773e+02 4.231499999999999773e+02 4.231499999999999773e+02 4.231499999999999773e+02 4.231499999999999773e+02 4.231499999999999773e+02 4.231499999999999773e+02 4.231499999999999773e+02 4.231499999999999773e+02 4.231499999999999773e+02
4.231499999999999773e+02 4.231499999999999773e+02 4.231499999999999773e+02 4.231499999999999773e+02 4.231499999999999773e+02 4.231499999999999773e+02 4.231499999999999773e+02 4.231499999999999773e+02 4.231499999999999773e+02 4.231499999999999773e+02 4.231499999999999773e+02 4.231499999999999773e+02 4.231499999999999773e+02 4.231499999999999773e+02 4.231499999999999773e+02 4.231499999999999773e+02 4.231499999999999773e+02 4.231499999999999773e+02 4.231499999999999773e+02 4.231499999999999773e+02 4.231499999999999773e+02 4.231499999999999773e+02 4.231499999999999773e+02 4.231499999999999773e+02 4.231499999999999773e+02 4.231499999999999773e+02 4.231499999999999773e+02 4.231499999999999773e+02 4.231499999999999773e+02 4.231499999999999773e+02 4.231499999999999773e+02 4.231499999999999773e+02
4.231499999999999773e+02 4.231499999999999773e+02 4.231499999999999773e+02 4.231499999999999773e+02 4.231499999999999773e+02 4.231499999999999773e+02 4.231499999999999773e+02 4.231499999999999773e+02 4.231499999999999773e+02 4.231499999999999773e+02 4.231499999999999773e+02 4.231499999999999773e+02 4.231499999999999773e+02 4.231499999999999773e+02 4.231499999999999773e+02 4.231499999999999773e+02 4.231499999999999773e+02 4.231499999999999773e+02 4.231499999999999773e+02 4.231499999999999773e+02 4.231499999999999773e+02 4.231499999999999773e+02 4.231499999999999773e+02 4.231499999999999773e+02 4.231499999999999773e+02 4.231499999999999773e+02 4.231499999999999773e+02 4.231499999999999773e+02 4.231499999999999773e+02 4.231499999999999773e+02 4.231499999999999773e+02 4.231499999999999773e+02
4.231499999999999773e+02 4.231499999999999773e+02 4.231499999999999773e+02 4.231499999999999773e+02 4.231499999999999773e+02 4.231499999999999773e+02 4.231499999999999773e+02 4.231499999999999773e+02 4.231499999999999773e+02 4.231499999999999773e+02 4.231499999999999773e+02 4.231499999999999773e+02 4.231499999999999773e+02 4.231499999999999773e+02 4.231499999999999773e+02 4.231499999999999773e+02 4.231499999999999773e+02 4.231499999999999773e+02 4.231499999999999773e+02 4.231499999999999773e+02 4.231499999999999773e+02 4.231499999999999773e+02 4.231499999999999773e+02 4.231499999999999773e+02 4.231499999999999773e+02 4.231499999999999773e+02 4.231499999999999773e+02 4.231499999999999773e+02 4.231499999999999773e+02 4.231499999999999773e+02 4.231499999999999773e+02 4.231499999999999773e+02
4.231499999999999773e+02 4.231499999999999773e+02 4.231499999999999773e+02 4.231499999999999773e+02 4.231499999999999773e+02 4.231499999999999773e+02 4.231499999999999773e+02 4.231499999999999773e+02 4.231499999999999773e+02 4.231499999999999773e+02 4.231499999999999773e+02 4.231499999999999773e+02 4.231499999999999773e+02 4.231499999999999773e+02 4.231499999999999773e+02 4.231499999999999773e+02 4.231499999999999773e+02 4.231499999999999773e+02 4.231499999999999773e+02 4.231499999999999773e+02 4.231499999999999773e+02 4.231499999999999773e+02 4.231499999999999773e+02 4.231499999999999773e+02 4.231499999999999773e+02 4.231499999999999773e+02 4.231499999999999773e+02 4.231499999999999773e+02 4.231499999999999773e+02 4.231499999999999773e+02 4.231499999999999773e+02 4.231499999999999773e+02
4.231499999999999773e+02 4.231499999999999773e+02 4.231499999999999773e+02 4.231499999999999773e+02 4.231499999999999773e+02 4.231499999999999773e+02 4.231499999999999773e+02 4.231499999999999773e+02 4.231499999999999773e+02 4.231499999999999773e+02 4.231499999999999773e+02 4.231499999999999773e+02 4.231499999999999773e+02 4.231499999999999773e+02 4.231499999999999773e+02 4.231499999999999773e+02 4.231499999999999773e+02 4.231499999999999773e+02 4.231499999999999773e+02 4.231499999999999773e+02 4.231499999999999773e+02 4.231499999999999773e+02 4.231499999999999773e+02 4.231499999999999773e+02 4.231499999999999773e+02 4.231499999999999773e+02 4.231499999999999773e+02 4.231499999999999773e+02 4.231499999999999773e+02 4.231499999999999773e+02 4.231499999999999773e+02 4.231499999999999773e+02
4.231499999999999773e+02 4.231499999999999773e+02 4.231499999999999773e+02 4.231499999999999773e+02 4.231499999999999773e+02 4.231499999999999773e+02 4.231499999999999773e+02 4.231499999999999773e+02 4.231499999999999773e+02 4.231499999999999773e+02 4.231499999999999773e+02 4.231499999999999773e+02 4.231499999999999773e+02 4.231499999999999773e+02 4.231499999999999773e+02 4.231499999999999773e+02 4.231499999999999773e+02 4.231499999999999773e+02 4.231499999999999773e+02 4.231499999999999773e+02 4.231499999999999773e+02 4.231499999999999773e+02 4.231499999999999773e+02 4.231499999999999773e+02 4.231499999999999773e+02 4.231499999999999773e+02 4.231499999999999773e+02 4.231499999999999773e+02 4.231499999999999773e+02 4.231499999999999773e+02 4.231499999999999773e+02 4.231499999999999773e+02
4.231499999999999773e+02 4.231499999999999773e+02 4.231499999999999773e+02 4.231499999999999773e+02 4.231499999999999773e+02 4.231499999999999773e+02 4.231499999999999773e+02 4.231499999999999773e+02 4.231499999999999773e+02 4.231499999999999773e+02 4.231499999999999773e+02 4.231499999999999773e+02 4.231499999999999773e+02 4.231499999999999773e+02 4.231499999999999773e+02 4.231499999999999773e+02 4.231499999999999773e+02 4.231499999999999773e+02 4.231499999999999773e+02 4.231499999999999773e+02 4.231499999999999773e+02 4.231499999999999773e+02 4.231499999999999773e+02 4.231499999999999773e+02 4.231499999999999773e+02 4.231499999999999773e+02 4.231499999999999773e+02 4.231499999999999773e+02 4.231499999999999773e+02 4.231499999999999773e+02 4.231499999999999773e+02 4.231499999999999773e+02
4.231499999999999773e+02 4.231499999999999773e+02 4.231499999999999773e+02 4.231499999999999773e+02 4.231499999999999773e+02 4.231499999999999773e+02 4.231499999999999773e+02 4.231499999999999773e+02 4.231499999999999773e+02 4.231499999999999773e+02 4.231499999999999773e+02 4.231499999999999773e+02 4.231499999999999773e+02 4.231499999999999773e+02 4.231499999999999773e+02 4.231499999999999773e+02 4.231499999999999773e+02 4.231499999999999773e+02 4.231499999999999773e+02 4.231499999999999773e+02 4.231499999999999773e+02 4.231499999999999773e+02 4.231499999999999773e+02 4.231499999999999773e+02 4.231499999999999773e+02 4.231499999999999773e+02 4.231499999999999773e+02 4.231499999999999773e+02 4.231499999999999773e+02 4.231499999999999773e+02 4.231499999999999773e+02 4.231499999999999773e+02
4.231499999999999773e+02 4.231499999999999773e+02 4.231499999999999773e+02 4.231499999999999773e+02 4.231499999999999773e+02 4.231499999999999773e+02 4.231499999999999773e+02 4.231499999999999773e+02 4.231499999999999773e+02 4.231499999999999773e+02 4.231499999999999773e+02 4.231499999999999773e+02 4.231499999999999773e+02 4.231499999999999773e+02 4.231499999999999773e+02 4.231499999999999773e+02 4.231499999999999773e+02 4.231499999999999773e+02 4.231499999999999773e+02 4.231499999999999773e+02 4.231499999999999773e+02 4.231499999999999773e+02 4.231499999999999773e+02 4.231499999999999773e+02 4.231499999999999773e+02 4.231499999999999773e+02 4.231499999999999773e+02 4.231499999999999773e+02 4.231499999999999773e+02 4.231499999999999773e+02 4.231499999999999773e+02 4.231499999999999773e+02
4.231499999999999773e+02 4.231499999999999773e+02 4.231499999999999773e+02 4.231499999999999773e+02 4.231499999999999773e+02 4.231499999999999773e+02 4.231499999999999773e+02 4.231499999999999773e+02 4.231499999999999773e+02 4.231499999999999773e+02 4.231499999999999773e+02 4.231499999999999773e+02 4.231499999999999773e+02 4.231499999999999773e+02 4.231499999999999773e+02 4.231499999999999773e+02 4.231499999999999773e+02 4.231499999999999773e+02 4.231499999999999773e+02 4.231499999999999773e+02 4.231499999999999773e+02 4.231499999999999773e+02 4.231499999999999773e+02 4.231499999999999773e+02 4.231499999999999773e+02 4.231499999999999773e+02 4.231499999999999773e+02 4.231499999999999773e+02 4.231499999999999773e+02 4.231499999999999773e+02 4.231499999999999773e+02 4.231499999999999773e+02
4.231499999999999773e+02 4.231499999999999773e+02 4.231499999999999773e+02 4.231499999999999773e+02 4.231499999999999773e+02 4.231499999999999773e+02 4.231499999999999773e+02 4.231499999999999773e+02 4.231499999999999773e+02 4.231499999999999773e+02 4.231499999999999773e+02 4.231499999999999773e+02 4.231499999999999773e+02 4.231499999999999773e+02 4.231499999999999773e+02 4.231499999999999773e+02 4.231499999999999773e+02 4.231499999999999773e+02 4.231499999999999773e+02 4.231499999999999773e+02 4.231499999999999773e+02 4.231499999999999773e+02 4.231499999999999773e+02 4.231499999999999773e+02 4.231499999999999773e+02 4.231499999999999773e+02 4.231499999999999773e+02 4.231499999999999773e+02 4.231499999999999773e+02 4.231499999999999773e+02 4.231499999999999773e+02 4.231499999999999773e+02
4.231499999999999773e+02 4.231499999999999773e+02 4.231499999999999773e+02 4.231499999999999773e+02 4.231499999999999773e+02 4.231499999999999773e+02 4.231499999999999773e+02 4.231499999999999773e+02 4.231499999999999773e+02 4.231499999999999773e+02 4.231499999999999773e+02 4.231499999999999773e+02 4.231499999999999773e+02 4.231499999999999773e+02 4.231499999999999773e+02 4.231499999999999773e+02 4.231499999999999773e+02 4.231499999999999773e+02 4.231499999999999773e+02 4.231499999999999773e+02 4.231499999999999773e+02 4.231499999999999773e+02 4.231499999999999773e+02 4.231499999999999773e+02 4.231499999999999773e+02 4.231499999999999773e+02 4.231499999999999773e+02 4.231499999999999773e+02 4.231499999999999773e+02 4.231499999999999773e+02 4.231499999999999773e+02 4.231499999999999773e+02
4.231499999999999773e+02 4.231499999999999773e+02 4.231499999999999773e+02 4.231499999999999773e+02 4.231499999999999773e+02 4.231499999999999773e+02 4.231499999999999773e+02 4.231499999999999773e+02 4.231499999999999773e+02 4.231499999999999773e+02 4.231499999999999773e+02 4.231499999999999773e+02 4.231499999999999773e+02 4.231499999999999773e+02 4.231499999999999773e+02 4.231499999999999773e+02 4.231499999999999773e+02 4.231499999999999773e+02 4.231499999999999773e+02 4.231499999999999773e+02 4.231499999999999773e+02 4.231499999999999773e+02 4.231499999999999773e+02 4.231499999999999773e+02 4.231499999999999773e+02 4.231499999999999773e+02 4.231499999999999773e+02 4.231499999999999773e+02 4.231499999999999773e+02 4.231499999999999773e+02 4.231499999999999773e+02 4.231499999999999773e+02
4.231499999999999773e+02 4.231499999999999773e+02 4.231499999999999773e+02 4.231499999999999773e+02 4.231499999999999773e+02 4.231499999999999773e+02 4.231499999999999773e+02 4.231499999999999773e+02 4.231499999999999773e+02 4.231499999999999773e+02 4.231499999999999773e+02 4.231499999999999773e+02 4.231499999999999773e+02 4.231499999999999773e+02 4.231499999999999773e+02 4.231499999999999773e+02 4.231499999999999773e+02 4.231499999999999773e+02 4.231499999999999773e+02 4.231499999999999773e+02 4.231499999999999773e+02 4.231499999999999773e+02 4.231499999999999773e+02 4.231499999999999773e+02 4.231499999999999773e+02 4.231499999999999773e+02 4.231499999999999773e+02 4.231499999999999773e+02 4.231499999999999773e+02 4.231499999999999773e+02 4.231499999999999773e+02 4.231499999999999773e+02
4.231499999999999773e+02 4.231499999999999773e+02 4.231499999999999773e+02 4.231499999999999773e+02 4.231499999999999773e+02 4.231499999999999773e+02 4.231499999999999773e+02 4.231499999999999773e+02 4.231499999999999773e+02 4.231499999999999773e+02 4.231499999999999773e+02 4.231499999999999773e+02 4.231499999999999773e+02 4.231499999999999773e+02 4.231499999999999773e+02 4.231499999999999773e+02 4.231499999999999773e+02 4.231499999999999773e+02 4.231499999999999773e+02 4.231499999999999773e+02 4.231499999999999773e+02 4.231499999999999773e+02 4.231499999999999773e+02 4.231499999999999773e+02 4.231499999999999773e+02 4.231499999999999773e+02 4.231499999999999773e+02 4.231499999999999773e+02 4.231499999999999773e+02 4.231499999999999773e+02 4.231499999999999773e+02 4.231499999999999773e+02
4.231499999999999773e+02 4.231499999999999773e+02 4.231499999999999773e+02 4.231499999999999773e+02 4.231499999999999773e+02 4.231499999999999773e+02 4.231499999999999773e+02 4.231499999999999773e+02 4.231499999999999773e+02 4.231499999999999773e+02 4.231499999999999773e+02 4.231499999999999773e+02 4.231499999999999773e+02 4.231499999999999773e+02 4.231499999999999773e+02 4.231499999999999773e+02 4.231499999999999773e+02 4.231499999999999773e+02 4.231499999999999773e+02 4.231499999999999773e+02 4.231499999999999773e+02 4.231499999999999773e+02 4.231499999999999773e+02 4.231499999999999773e+02 4.231499999999999773e+02 4.231499999999999773e+02 4.231499999999999773e+02 4.231499999999999773e+02 4.231499999999999773e+02 4.231499999999999773e+02 4.231499999999999773e+02 4.231499999999999773e+02
4.231499999999999773e+02 4.231499999999999773e+02 4.231499999999999773e+02 4.231499999999999773e+02 4.231499999999999773e+02 4.231499999999999773e+02 4.231499999999999773e+02 4.231499999999999773e+02 4.231499999999999773e+02 4.231499999999999773e+02 4.231499999999999773e+02 4.231499999999999773e+02 4.231499999999999773e+02 4.231499999999999773e+02 4.231499999999999773e+02 4.231499999999999773e+02 4.231499999999999773e+02 4.231499999999999773e+02 4.231499999999999773e+02 4.231499999999999773e+02 4.231499999999999773e+02 4.231499999999999773e+02 4.231499999999999773e+02 4.231499999999999773e+02 4.231499999999999773e+02 4.231499999999999773e+02 4.231499999999999773e+02 4.231499999999999773e+02 4.231499999999999773e+02 4.231499999999999773e+02 4.231499999999999773e+02 4.231499999999999773e+02
4.231499999999999773e+02 4.231499999999999773e+02 4.231499999999999773e+02 4.231499999999999773e+02 4.231499999999999773e+02 4.231499999999999773e+02 4.231499999999999773e+02 4.231499999999999773e+02 4.231499999999999773e+02 4.231499999999999773e+02 4.231499999999999773e+02 4.231499999999999773e+02 4.231499999999999773e+02 4.231499999999999773e+02 4.231499999999999773e+02 4.231499999999999773e+02 4.231499999999999773e+02 4.231499999999999773e+02 4.231499999999999773e+02 4.231499999999999773e+02 4.231499999999999773e+02 4.231499999999999773e+02 4.231499999999999773e+02 4.231499999999999773e+02 4.231499999999999773e+02 4.231499999999999773e+02 4.231499999999999773e+02 4.231499999999999773e+02 4.231499999999999773e+02 4.231499999999999773e+02 4.231499999999999773e+02 4.231499999999999773e+02
4.231499999999999773e+02 4.231499999999999773e+02 4.231499999999999773e+02 4.231499999999999773e+02 4.231499999999999773e+02 4.231499999999999773e+02 4.231499999999999773e+02 4.231499999999999773e+02 4.231499999999999773e+02 4.231499999999999773e+02 4.231499999999999773e+02 4.231499999999999773e+02 4.231499999999999773e+02 4.231499999999999773e+02 4.231499999999999773e+02 4.231499999999999773e+02 4.231499999999999773e+02 4.231499999999999773e+02 4.231499999999999773e+02 4.231499999999999773e+02 4.231499999999999773e+02 4.231499999999999773e+02 4.231499999999999773e+02 4.231499999999999773e+02 4.231499999999999773e+02 4.231499999999999773e+02 4.231499999999999773e+02 4.231499999999999773e+02 4.231499999999999773e+02 4.231499999999999773e+02 4.231499999999999773e+02 4.231499999999999773e+02
4.231499999999999773e+02 4.231499999999999773e+02 4.231499999999999773e+02 4.231499999999999773e+02 4.231499999999999773e+02 4.231499999999999773e+02 4.231499999999999773e+02 4.231499999999999773e+02 4.231499999999999773e+02 4.231499999999999773e+02 4.231499999999999773e+02 4.231499999999999773e+02 4.231499999999999773e+02 4.231499999999999773e+02 4.231499999999999773e+02 4.231499999999999773e+02 4.231499999999999773e+02 4.231499999999999773e+02 4.231499999999999773e+02 4.231499999999999773e+02 4.231499999999999773e+02 4.231499999999999773e+02 4.231499999999999773e+02 4.231499999999999773e+02 4.231499999999999773e+02 4.231499999999999773e+02 4.231499999999999773e+02 4.231499999999999773e+02 4.231499999999999773e+02 4.231499999999999773e+02 4.231499999999999773e+02 4.231499999999999773e+02
4.231499999999999773e+02 4.231499999999999773e+02 4.231499999999999773e+02 4.231499999999999773e+02 4.231499999999999773e+02 4.231499999999999773e+02 4.231499999999999773e+02 4.231499999999999773e+02 4.231499999999999773e+02 4.231499999999999773e+02 4.231499999999999773e+02 4.231499999999999773e+02 4.231499999999999773e+02 4.231499999999999773e+02 4.231499999999999773e+02 4.231499999999999773e+02 4.231499999999999773e+02 4.231499999999999773e+02 4.231499999999999773e+02 4.231499999999999773e+02 4.231499999999999773e+02 4.231499999999999773e+02 4.231499999999999773e+02 4.231499999999999773e+02 4.231499999999999773e+02 4.231499999999999773e+02 4.231499999999999773e+02 4.231499999999999773e+02 4.231499999999999773e+02 4.231499999999999773e+02 4.231499999999999773e+02 4.231499999999999773e+02
4.231499999999999773e+02 4.231499999999999773e+02 4.231499999999999773e+02 4.231499999999999773e+02 4.231499999999999773e+02 4.231499999999999773e+02 4.231499999999999773e+02 4.231499999999999773e+02 4.231499999999999773e+02 4.231499999999999773e+02 4.231499999999999773e+02 4.231499999999999773e+02 4.231499999999999773e+02 4.231499999999999773e+02 4.231499999999999773e+02 4.231499999999999773e+02 4.231499999999999773e+02 4.231499999999999773e+02 4.231499999999999773e+02 4.231499999999999773e+02 4.231499999999999773e+02 4.231499999999999773e+02 4.231499999999999773e+02 4.231499999999999773e+02 4.231499999999999773e+02 4.231499999999999773e+02 4.231499999999999773e+02 4.231499999999999773e+02 4.231499999999999773e+02 4.231499999999999773e+02 4.231499999999999773e+02 4.231499999999999773e+02
4.231499999999999773e+02 4.231499999999999773e+02 4.231499999999999773e+02 4.231499999999999773e+02 4.231499999999999773e+02 4.231499999999999773e+02 4.231499999999999773e+02 4.231499999999999773e+02 4.231499999999999773e+02 4.231499999999999773e+02 4.231499999999999773e+02 4.231499999999999773e+02 4.231499999999999773e+02 4.231499999999999773e+02 4.231499999999999773e+02 4.231499999999999773e+02 4.231499999999999773e+02 4.231499999999999773e+02 4.231499999999999773e+02 4.231499999999999773e+02 4.231499999999999773e+02 4.231499999999999773e+02 4.231499999999999773e+02 4.231499999999999773e+02 4.231499999999999773e+02 4.231499999999999773e+02 4.231499999999999773e+02 4.231499999999999773e+02 4.231499999999999773e+02 4.231499999999999773e+02 4.231499999999999773e+02 4.231499999999999773e+02
4.231499999999999773e+02 4.231499999999999773e+02 4.231499999999999773e+02 4.231499999999999773e+02 4.231499999999999773e+02 4.231499999999999773e+02 4.231499999999999773e+02 4.231499999999999773e+02 4.231499999999999773e+02 4.231499999999999773e+02 4.231499999999999773e+02 4.231499999999999773e+02 4.231499999999999773e+02 4.231499999999999773e+02 4.231499999999999773e+02 4.231499999999999773e+02 4.231499999999999773e+02 4.231499999999999773e+02 4.231499999999999773e+02 4.231499999999999773e+02 4.231499999999999773e+02 4.231499999999999773e+02 4.231499999999999773e+02 4.231499999999999773e+02 4.231499999999999773e+02 4.231499999999999773e+02 4.231499999999999773e+02 4.231499999999999773e+02 4.231499999999999773e+02 4.231499999999999773e+02 4.231499999999999773e+02 4.231499999999999773e+02
4.231499999999999773e+02 4.231499999999999773e+02 4.231499999999999773e+02 4.231499999999999773e+02 4.231499999999999773e+02 4.231499999999999773e+02 4.231499999999999773e+02 4.231499999999999773e+02 4.231499999999999773e+02 4.231499999999999773e+02 4.231499999999999773e+02 4.231499999999999773e+02 4.231499999999999773e+02 4.231499999999999773e+02 4.231499999999999773e+02 4.231499999999999773e+02 4.231499999999999773e+02 4.231499999999999773e+02 4.231499999999999773e+02 4.231499999999999773e+02 4.231499999999999773e+02 4.231499999999999773e+02 4.231499999999999773e+02 4.231499999999999773e+02 4.231499999999999773e+02 4.231499999999999773e+02 4.231499999999999773e+02 4.231499999999999773e+02 4.231499999999999773e+02 4.231499999999999773e+02 4.231499999999999773e+02 4.231499999999999773e+02
4.231499999999999773e+02 4.231499999999999773e+02 4.231499999999999773e+02 4.231499999999999773e+02 4.231499999999999773e+02 4.231499999999999773e+02 4.231499999999999773e+02 4.231499999999999773e+02 4.231499999999999773e+02 4.231499999999999773e+02 4.231499999999999773e+02 4.231499999999999773e+02 4.231499999999999773e+02 4.231499999999999773e+02 4.231499999999999773e+02 4.231499999999999773e+02 4.231499999999999773e+02 4.231499999999999773e+02 4.231499999999999773e+02 4.231499999999999773e+02 4.231499999999999773e+02 4.231499999999999773e+02 4.231499999999999773e+02 4.231499999999999773e+02 4.231499999999999773e+02 4.231499999999999773e+02 4.231499999999999773e+02 4.231499999999999773e+02 4.231499999999999773e+02 4.231499999999999773e+02 4.231499999999999773e+02 4.231499999999999773e+02
4.231499999999999773e+02 4.231499999999999773e+02 4.231499999999999773e+02 4.231499999999999773e+02 4.231499999999999773e+02 4.231499999999999773e+02 4.231499999999999773e+02 4.231499999999999773e+02 4.231499999999999773e+02 4.231499999999999773e+02 4.231499999999999773e+02 4.231499999999999773e+02 4.231499999999999773e+02 4.231499999999999773e+02 4.231499999999999773e+02 4.231499999999999773e+02 4.231499999999999773e+02 4.231499999999999773e+02 4.231499999999999773e+02 4.231499999999999773e+02 4.231499999999999773e+02 4.231499999999999773e+02 4.231499999999999773e+02 4.231499999999999773e+02 4.231499999999999773e+02 4.231499999999999773e+02 4.231499999999999773e+02 4.231499999999999773e+02 4.231499999999999773e+02 4.231499999999999773e+02 4.231499999999999773e+02 4.231499999999999773e+02
4.231499999999999773e+02 4.231499999999999773e+02 4.231499999999999773e+02 4.231499999999999773e+02 4.231499999999999773e+02 4.231499999999999773e+02 4.231499999999999773e+02 4.231499999999999773e+02 4.231499999999999773e+02 4.231499999999999773e+02 4.231499999999999773e+02 4.231499999999999773e+02 4.231499999999999773e+02 4.231499999999999773e+02 4.231499999999999773e+02 4.231499999999999773e+02 4.231499999999999773e+02 4.231499999999999773e+02 4.231499999999999773e+02 4.231499999999999773e+02 4.231499999999999773e+02 4.231499999999999773e+02 4.231499999999999773e+02 4.231499999999999773e+02 4.231499999999999773e+02 4.231499999999999773e+02 4.231499999999999773e+02 4.231499999999999773e+02 4.231499999999999773e+02 4.231499999999999773e+02 4.231499999999999773e+02 4.231499999999999773e+02
