# Von Mises stress (Pa)
# shape: (64, 32)
8.000000000000003725e+06 7.200257301359158941e+06 7.231112191957508214e+06 7.254764303166537546e+06 7.273190149799642153e+06 7.288725421793393791e+06 7.303332329281616956e+06 7.318491554277085699e+06 7.335229750535841100e+06 7.354182018085245974e+06 7.375663371028416790e+06 7.399739538499474525e+06 7.426292250129122287e+06 7.455076441091535613e+06 7.485768291534956545e+06 7.518004021738647483e+06 7.551409999295778573e+06 7.585625058418603614e+06 7.620316060772246681e+06 7.655187704446132295e+06 7.689987452319518663e+06 7.724506213525960222e+06 7.758575042475261725e+06 7.792057524656921625e+06 7.824836481738082133e+06 7.856791697876022197e+06 7.887761680476694368e+06 7.917475961971944198e+06 7.945438753629286774e+06 7.970791337956847623e+06 7.991339775080002844e+06 8.000000000000003725e+06
8.000000000000003725e+06 8.475291185506535694e+06 8.459648468791645020e+06 8.412950259690754116e+06 8.349574730203186162e+06 8.278870506652035750e+06 8.207674211564986967e+06 8.141082135302133858e+06 8.082722585671593435e+06 8.034908588969622739e+06 7.998795747991808690e+06 7.974576118099146523e+06 7.961699927557528950e+06 7.959102993227552623e+06 7.965417176624174230e+06 7.979147470134094357e+06 7.998807641115472652e+06 8.023013826772635803e+06 8.050540652112884447e+06 8.080347104800529778e+06 8.111579988518738188e+06 8.143561961193203926e+06 8.175769544627105817e+06 8.207804441435301676e+06 8.239359096047333442e+06 8.270174430485028774e+06 8.299983402467846870e+06 8.328427459171955474e+06 8.354924491661893204e+06 8.378473475481472909e+06 8.396238202237162739e+06 8.404570567357121035e+06
8.000000000000003725e+06 8.710186732624959201e+06 8.749753576533528045e+06 8.757274620754363015e+06 8.743115686997117475e+06 8.716214820695048198e+06 8.683779027864461765e+06 8.651393593290731311e+06 8.623132559289690107e+06 8.601683791453359649e+06 8.588518474703501910e+06 8.584105836661700159e+06 8.588153582161664963e+06 8.599847795456232503e+06 8.618069202100815251e+06 8.641570771880019456e+06 8.669110622078515589e+06 8.699541524475276470e+06 8.731863024391787127e+06 8.765244324576990679e+06 8.799026305642751977e+06 8.832710127134054899e+06 8.865938478554148227e+06 8.898474299541762099e+06 8.930181203553223982e+06 8.961010682365918532e+06 8.991004948825553060e+06 9.020334367458092049e+06 9.049412490731248632e+06 9.079186411687158048e+06 9.087793096758572385e+06 9.082493178991168737e+06
8.000000000000003725e+06 8.980131948685659096e+06 9.049493391953933984e+06 9.090434440257780254e+06 9.109074938219022006e+06 9.112423511779159307e+06 9.107012228422146291e+06 9.098308695631256327e+06 9.090498448066536337e+06 9.086469869629593566e+06 9.087928662360612303e+06 9.095592981570577249e+06 9.109426703165730461e+06 9.128874830587627366e+06 9.153074777166614309e+06 9.181028332449804991e+06 9.211729098297115415e+06 9.244247543409159407e+06 9.277780189653135836e+06 9.311671224630579352e+06 9.345414802551174536e+06 9.378645242528121918e+06 9.411120905632002279e+06 9.442706190192844719e+06 9.473355145781027153e+06 9.503099917227583006e+06 9.532047831758841872e+06 9.560392597661305219e+06 9.588447015705578029e+06 9.616699515764135867e+06 9.623942507373536006e+06 9.616662855885384604e+06
8.000000000000003725e+06 9.301111744171239436e+06 9.389580434438215569e+06 9.454783654349463060e+06 9.499550772742288187e+06 9.528721238783825189e+06 9.547587589358633384e+06 9.560972322335498407e+06 9.572761678867382929e+06 9.585746542504027486e+06 9.601661343688206747e+06 9.621338941238356754e+06 9.644918697256764397e+06 9.672062104942478240e+06 9.702146493076564744e+06 9.734421436194799840e+06 9.768123367928797379e+06 9.802551103087976575e+06 9.837108865896493196e+06 9.871324786072527990e+06 9.904852555952832103e+06 9.937462821950849146e+06 9.969029491788865998e+06 9.999514856442533433e+06 1.002895648567862809e+07 1.005745840681274049e+07 1.008518924167892337e+07 1.011239093974943087e+07 1.013940422545796819e+07 1.016672626120535471e+07 1.017314969438737445e+07 1.016573783949727193e+07
8.000000000000003725e+06 9.675829247308369726e+06 9.776476760422326624e+06 9.858529038777686656e+06 9.922923871675055474e+06 9.972769162001149729e+06 1.001205931385850534e+07 1.004472985068662651e+07 1.007409799330418557e+07 1.010262196844554693e+07 1.013188271884547547e+07 1.016269775709245168e+07 1.019529567625978030e+07 1.022950149041455984e+07 1.026490276633062772e+07 1.030098217507810518e+07 1.033721301271791197e+07 1.037312082981198467e+07 1.040831751457797363e+07 1.044251506490263902e+07 1.047552580935393833e+07 1.050725471906180121e+07 1.053768817732036486e+07 1.056688243254254386e+07 1.059495409784878977e+07 1.062207450653740764e+07 1.064846936543187127e+07 1.067442446960151941e+07 1.070029544887789525e+07 1.072650699885705300e+07 1.073234390794503689e+07 1.072516406057301909e+07
8.000000000000003725e+06 1.010881502540493198e+07 1.021632660194438696e+07 1.030882041728648916e+07 1.038645960068302415e+07 1.045126871387873404e+07 1.050618159283656627e+07 1.055423611641694605e+07 1.059805646911565587e+07 1.063961402083924599e+07 1.068019370696314611e+07 1.072048267610790022e+07 1.076071300230079703e+07 1.080081227552172914e+07 1.084053595296364464e+07 1.087957028843326494e+07 1.091760424483879097e+07 1.095437404635047540e+07 1.098968624222553708e+07 1.102342549339780398e+07 1.105555263333869353e+07 1.108609748852128163e+07 1.111514982897971757e+07 1.114285083919961005e+07 1.116938670524881966e+07 1.119498523222497664e+07 1.121991558335374668e+07 1.124448967398107611e+07 1.126906026324074343e+07 1.129400407100034878e+07 1.129930485715711862e+07 1.129239858310221881e+07
8.000000000000003725e+06 1.060769760356105492e+07 1.071695997987185791e+07 1.081339537999376096e+07 1.089735730550503172e+07 1.097051466004810669e+07 1.103514014131586440e+07 1.109351026614664495e+07 1.114753367147451825e+07 1.119859988118104264e+07 1.124758416417149827e+07 1.129493739899312146e+07 1.134080610922778957e+07 1.138514870873694494e+07 1.142783120540511608e+07 1.146869713383769058e+07 1.150761304549709894e+07 1.154449393686897494e+07 1.157931388423242792e+07 1.161210686528011970e+07 1.164296192776010185e+07 1.167201589586418681e+07 1.169944588708706386e+07 1.172546312362705357e+07 1.175030885110554844e+07 1.177425253119167127e+07 1.179759167745386995e+07 1.182065152398975939e+07 1.184378110082210787e+07 1.186734123288273066e+07 1.187204871485663392e+07 1.186535689824527502e+07
7.999999999999970198e+06 1.118424737372783385e+07 1.128916857792363688e+07 1.138163404739959352e+07 1.146338736055477895e+07 1.153664889705960080e+07 1.160354695153560489e+07 1.166579436687169969e+07 1.172458474458053336e+07 1.178063248817790672e+07 1.183428078453127854e+07 1.188562434394621663e+07 1.193461814432561584e+07 1.198116098409989104e+07 1.202515273342725262e+07 1.206652890773393586e+07 1.210527778150511347e+07 1.214144525296627171e+07 1.217513196348960325e+07 1.220648624527266622e+07 1.223569554874100164e+07 1.226297818762818724e+07 1.228857656436762027e+07 1.231275248877636902e+07 1.233578473703330196e+07 1.235796855330448598e+07 1.237961631393993646e+07 1.240105807146667503e+07 1.242264044251597300e+07 1.244472307803603448e+07 1.244872820195752569e+07 1.244214900552127883e+07
7.999999999993626028e+06 1.185610996226711571e+07 1.194798235000494495e+07 1.202524090486020036e+07 1.209305254814920202e+07 1.215548029971170612e+07 1.221509640044777095e+07 1.227317249314830638e+07 1.233007703298060037e+07 1.238565980426196940e+07 1.243953886845024861e+07 1.249128325529504754e+07 1.254051436363210902e+07 1.258695290406060033e+07 1.263043276773145981e+07 1.267089644559402764e+07 1.270838124753938615e+07 1.274300192835775018e+07 1.277493303051214106e+07 1.280439284048384428e+07 1.283162997909642011e+07 1.285691308652631193e+07 1.288052368900440261e+07 1.290275206803679653e+07 1.292389574397598207e+07 1.294426000478114001e+07 1.296415976382650621e+07 1.298392199751995504e+07 1.300388829741010815e+07 1.302441798264283314e+07 1.302759424616124853e+07 1.302100596688574925e+07
7.999999999131582677e+06 1.264995681527531520e+07 1.271426343965488486e+07 1.275847747227590904e+07 1.279504007952814177e+07 1.283166753178244457e+07 1.287177862684534118e+07 1.291593663425063528e+07 1.296322952814014815e+07 1.301221634229481220e+07 1.306145313769891299e+07 1.310973001409978420e+07 1.315614299244666100e+07 1.320008451339215413e+07 1.324120060997002199e+07 1.327933933040365204e+07 1.331450165072890371e+07 1.334679925061057881e+07 1.337642027392739058e+07 1.340360279088313319e+07 1.342861514868513867e+07 1.345174225092277490e+07 1.347327680910651013e+07 1.349351466134634241e+07 1.351275331444332562e+07 1.353129293408558145e+07 1.354943911217977107e+07 1.356750694659953006e+07 1.358582637378536165e+07 1.360474937165417522e+07 1.360697413278922625e+07 1.360024926928588748e+07
7.999999905371192843e+06 1.360727094594700262e+07 1.361645678731039166e+07 1.359724088729401864e+07 1.357637273918959685e+07 1.356698823039819673e+07 1.357262411803242564e+07 1.359180230960974284e+07 1.362118102080671117e+07 1.365722388655785099e+07 1.369690126657736674e+07 1.373788315394566581e+07 1.377850677944566309e+07 1.381766513414696604e+07 1.385468272322471254e+07 1.388920438518422469e+07 1.392110452601310052e+07 1.395041657285157777e+07 1.397727990115399100e+07 1.400190101976971328e+07 1.402452608243871108e+07 1.404542227305961773e+07 1.406486607731367461e+07 1.408313684633295052e+07 1.410051438089984842e+07 1.411727954354530200e+07 1.413371718021339551e+07 1.415012094955644198e+07 1.416680005621950142e+07 1.418408836433662102e+07 1.418525671857752092e+07 1.417827333931302652e+07
7.999991933961238712e+06 1.479471221503587067e+07 1.469068352206494287e+07 1.455486347343025729e+07 1.443820269252691977e+07 1.435753806818621792e+07 1.431221497804232314e+07 1.429526933844719082e+07 1.429881063829364069e+07 1.431602933065657504e+07 1.434166748814645968e+07 1.437190742558573000e+07 1.440409576532237791e+07 1.443646236927728541e+07 1.446788380294955522e+07 1.449769890193843096e+07 1.452557017171915248e+07 1.455138177931327559e+07 1.457516561366516724e+07 1.459704853022820875e+07 1.461721549331533164e+07 1.463588462785510719e+07 1.465329117995079421e+07 1.466967812527897395e+07 1.468529172793900035e+07 1.470038080371050164e+07 1.471519883356915414e+07 1.473000844630669989e+07 1.474508816548597254e+07 1.476074168843819015e+07 1.476077560296188295e+07 1.475342719144804217e+07
7.999481156459230930e+06 1.631638847741586342e+07 1.596803871953760646e+07 1.562657873880367912e+07 1.536480195116101578e+07 1.518666939281742461e+07 1.507564234966983274e+07 1.501331304464452900e+07 1.498455980120057240e+07 1.497813527932205051e+07 1.498602665496714413e+07 1.500265714186621085e+07 1.502421286805428192e+07 1.504813426217712462e+07 1.507274657988661528e+07 1.509699513795074075e+07 1.512025627017186768e+07 1.514220246927593462e+07 1.516270638589351438e+07 1.518177288995581120e+07 1.519949155824293382e+07 1.521600412317771651e+07 1.523148292012604326e+07 1.524611743124427833e+07 1.526010679855713435e+07 1.527365677156680636e+07 1.528698003468390740e+07 1.530029927144551836e+07 1.531385268893633783e+07 1.532790205023670197e+07 1.532675610291357338e+07 1.531895827277723886e+07
7.976253610840469599e+06 1.822886917204469815e+07 1.732782780530225858e+07 1.664801790376357548e+07 1.618833718349394202e+07 1.588901477846441977e+07 1.569902714820186608e+07 1.558239056454608217e+07 1.551473685026714206e+07 1.547963385341891646e+07 1.546594768587749451e+07 1.546609831056000851e+07 1.547491863240118325e+07 1.548889987715602480e+07 1.550568342417938448e+07 1.552371233591903746e+07 1.554198871469154395e+07 1.555990287968645245e+07 1.557711238199059293e+07 1.559345626644945517e+07 1.560889463256383874e+07 1.562346654162921011e+07 1.563726130816738307e+07 1.565039958259670809e+07 1.566302160933270864e+07 1.567528077107481472e+07 1.568734109307364002e+07 1.569937783389100432e+07 1.571158066190630756e+07 1.572415922443097271e+07 1.572182154847840033e+07 1.571347673143687658e+07
7.305931374099805951e+06 1.908986778940891847e+07 1.643238593492175080e+07 1.492186611125135049e+07 1.399474838370158896e+07 1.340258419731494412e+07 1.301777360753951967e+07 1.276735198906566948e+07 1.260638206749552675e+07 1.250577304645751603e+07 1.244607427720320411e+07 1.241402045965391211e+07 1.240046631918541901e+07 1.239908154561102018e+07 1.240549103398055024e+07 1.241669095591779239e+07 1.243064350144739263e+07 1.244599149000129476e+07 1.246185561388961971e+07 1.247768982727741450e+07 1.249317826522015594e+07 1.250816212360174581e+07 1.252258827721660584e+07 1.253647370325800776e+07 1.254988139196867868e+07 1.256290459673479944e+07 1.257565714598987624e+07 1.258826819893835112e+07 1.260088033299703710e+07 1.261365023938880861e+07 1.260992829309485666e+07 1.259992395250065066e+07
6.057621327681146562e+06 1.902341081702513248e+07 1.495718750645224750e+07 1.255226815970431827e+07 1.098078687256205268e+07 9.892131608004536480e+06 9.112767728993996978e+06 8.544730850554309785e+06 8.126632660870451480e+06 7.817023361772068776e+06 7.586571236599424854e+06 7.413987417331063189e+06 7.283652588201370090e+06 7.184083383581615984e+06 7.106860448748660274e+06 7.045842814070316032e+06 6.996578938535920344e+06 6.955862028351396322e+06 6.921394717714197002e+06 6.891537629839432426e+06 6.865122327720293775e+06 6.841313476933597587e+06 6.819508358259079047e+06 6.799264480945280753e+06 6.780248118871880695e+06 6.762198231906305999e+06 6.744901528842585161e+06 6.728175445086949505e+06 6.711856603508659638e+06 6.695792946760644205e+06 6.702147426943773404e+06 6.715323822369053029e+06
1.291921930256435089e+07 2.397936207778503001e+07 2.203415293083667010e+07 2.091095123308274895e+07 2.022601128020563722e+07 1.978577199045375362e+07 1.949082177871610969e+07 1.928691364558337629e+07 1.914242615591556951e+07 1.903783625168688595e+07 1.896053999616879225e+07 1.890213608911935985e+07 1.885690480803358182e+07 1.882090273466653749e+07 1.879139456526672840e+07 1.876648062975943089e+07 1.874484439838843420e+07 1.872557718034411222e+07 1.870805453671532869e+07 1.869184847462788969e+07 1.867666499739619344e+07 1.866229991239998117e+07 1.864860790120672435e+07 1.863548124613369256e+07 1.862283556536849588e+07 1.861060059454160929e+07 1.859871455975618958e+07 1.858712107272987813e+07 1.857576778016535193e+07 1.856460624325805157e+07 1.857180535038232058e+07 1.858397034467998147e+07
1.535302893910146691e+07 2.535762203076933324e+07 2.454497777898551524e+07 2.401257588587275892e+07 2.367201046395225823e+07 2.345314503550007194e+07 2.331033978608906642e+07 2.321545185196845233e+07 2.315114288006025180e+07 2.310653816075197980e+07 2.307467126098057628e+07 2.305100288476810604e+07 2.303254684532968700e+07 2.301733717702354491e+07 2.300409089177259430e+07 2.299198685783740506e+07 2.298051650460761413e+07 2.296938089643657953e+07 2.295841895473396033e+07 2.294755731122779846e+07 2.293677556042599678e+07 2.292608265012057126e+07 2.291550138903849572e+07 2.290505887352081761e+07 2.289478121099882573e+07 2.288469134184288979e+07 2.287480908723311499e+07 2.286515281198569015e+07 2.285574230978670344e+07 2.284660271103708446e+07 2.285518548451738060e+07 2.286787880135616660e+07
1.590087265803615563e+07 2.468669869246686250e+07 2.435790984185680747e+07 2.410873036818633601e+07 2.394146609061141685e+07 2.383679141368407756e+07 2.377465630262818187e+07 2.373973284267082810e+07 2.372147808632176369e+07 2.371295731722096354e+07 2.370971118445513770e+07 2.370892350163570419e+07 2.370885926111494750e+07 2.370849428710162640e+07 2.370727094481878355e+07 2.370493516772306338e+07 2.370142631348218769e+07 2.369680205186411738e+07 2.369118708963781968e+07 2.368473852571840957e+07 2.367762304389168695e+07 2.367000264147662744e+07 2.366202654673113301e+07 2.365382761903541535e+07 2.364552198124469817e+07 2.363721097555007041e+07 2.362898480466144159e+07 2.362092744474664703e+07 2.361312261285886914e+07 2.360566075391269848e+07 2.361568952432344854e+07 2.362910460760140792e+07
1.598839153044101596e+07 2.367437811047866940e+07 2.353635912844670191e+07 2.342590864159224182e+07 2.335516753676135093e+07 2.331910701007933170e+07 2.330798322550867870e+07 2.331264139161058143e+07 2.332606159965346381e+07 2.334337332908024639e+07 2.336141656095539778e+07 2.337826799274567515e+07 2.339285559756964445e+07 2.340467511395234987e+07 2.341359027183343843e+07 2.341969464653258771e+07 2.342321702834120393e+07 2.342445717079898342e+07 2.342374281139777601e+07 2.342140171940978989e+07 2.341774445402422920e+07 2.341305479894647375e+07 2.340758570330601931e+07 2.340155915787056088e+07 2.339516886902754381e+07 2.338858492184190080e+07 2.338195988531218842e+07 2.337543603174540028e+07 2.336915353490024060e+07 2.336325969231259078e+07 2.337470339887106791e+07 2.338885552556806430e+07
1.599892878768223524e+07 2.280051275902516022e+07 2.273692335885950923e+07 2.269469914187631384e+07 2.267854951183412969e+07 2.268492348565040156e+07 2.270727709061211348e+07 2.273908303157256171e+07 2.277506095477689430e+07 2.281142136046271399e+07 2.284568888751513138e+07 2.287640655239032209e+07 2.290285072212487832e+07 2.292479877475776151e+07 2.294235383149725944e+07 2.295581807121467218e+07 2.296560370687321573e+07 2.297217194816540927e+07 2.297599236807234585e+07 2.297751702599488199e+07 2.297716522191517428e+07 2.297531588055027649e+07 2.297230537974755093e+07 2.296842923204065114e+07 2.296394647149873152e+07 2.295908593862078339e+07 2.295405392729828507e+07 2.294904288271301240e+07 2.294424103439066932e+07 2.293984302869928256e+07 2.295257574801350012e+07 2.296736882728679851e+07
1.599992049550454505e+07 2.209507199793105945e+07 2.206083347636837140e+07 2.205091718831989914e+07 2.206381210719686002e+07 2.209469915417511016e+07 2.213760526698034257e+07 2.218690634626353532e+07 2.223804849214103445e+07 2.228772264213747904e+07 2.233375249611627311e+07 2.237487418027419224e+07 2.241050390335146338e+07 2.244053510531019047e+07 2.246517700310359523e+07 2.248483299786739796e+07 2.250001261737482250e+07 2.251126988656903431e+07 2.251916179802086204e+07 2.252422175086271390e+07 2.252694397869528085e+07 2.252777594929877296e+07 2.252711647829448432e+07 2.252531788630181551e+07 2.252269098376859725e+07 2.251951202390700579e+07 2.251603104896236211e+07 2.251248128887982294e+07 2.250908947044389695e+07 2.250608707292966545e+07 2.251991913960217685e+07 2.253520338100243732e+07
1.599999518855380453e+07 2.151706698907749727e+07 2.149438600309881940e+07 2.149852913904118538e+07 2.152504786411307380e+07 2.156817468509367853e+07 2.162194228704513982e+07 2.168101287614430860e+07 2.174109785255859792e+07 2.179905217606769875e+07 2.185277530978043377e+07 2.190102690157885849e+07 2.194322534523998201e+07 2.197926417593330145e+07 2.200935989002729207e+07 2.203393317202211544e+07 2.205352021070335433e+07 2.206870899236421660e+07 2.208009537226765975e+07 2.208825433923080564e+07 2.209372269840352610e+07 2.209699018188340962e+07 2.209849667645242065e+07 2.209863381827477366e+07 2.209774965731712058e+07 2.209615545831580833e+07 2.209413399904712662e+07 2.209194896689225733e+07 2.208985525535145402e+07 2.208811013579425961e+07 2.210281002575098723e+07 2.211840869758984074e+07
1.599999976049125567e+07 2.103260358568116650e+07 2.101414508320641145e+07 2.102323930830281973e+07 2.105451659876549989e+07 2.110198298644972965e+07 2.115979083551686257e+07 2.122279909576619789e+07 2.128686125276224315e+07 2.134888740039080754e+07 2.140676124990637973e+07 2.145918534492760152e+07 2.150550578080397472e+07 2.154554622350869700e+07 2.157946523722988740e+07 2.160764114356991649e+07 2.163058338540710136e+07 2.164886702251097187e+07 2.166308628683930635e+07 2.167382325571006909e+07 2.168162818556155264e+07 2.168700863675520197e+07 2.169042509162599966e+07 2.169229127571656927e+07 2.169297782318348810e+07 2.169281828496533632e+07 2.169211677179773897e+07 2.169115676457011327e+07 2.169021082281785831e+07 2.168955108885120973e+07 2.170485864954795688e+07 2.172058041385919228e+07
1.599999999014628492e+07 2.061945065753154457e+07 2.060200253636340424e+07 2.061154517732862756e+07 2.064270510132062808e+07 2.068973279848916084e+07 2.074710183517430350e+07 2.080994298088031262e+07 2.087427686637568846e+07 2.093707397951022536e+07 2.099619627860875055e+07 2.105027368760200590e+07 2.109855609410464764e+07 2.114076694000713527e+07 2.117697254176695645e+07 2.120747302006794885e+07 2.123271571386306733e+07 2.125322930230908841e+07 2.126957571183456481e+07 2.128231661035556719e+07 2.129199146860052273e+07 2.129910454800303653e+07 2.130411861558389664e+07 2.130745361710048094e+07 2.130948892823214084e+07 2.131056813866338134e+07 2.131100560537653789e+07 2.131109424413226545e+07 2.131111421906420961e+07 2.131134234746544063e+07 2.132697994364126772e+07 2.134262772854761034e+07
1.599999999966450967e+07 2.026295652970562503e+07 2.024501380964059010e+07 2.025279284068543091e+07 2.028126124923504144e+07 2.032512519794061780e+07 2.037930326298503950e+07 2.043927770857948810e+07 2.050129522509588301e+07 2.056243274621094018e+07 2.062056448175448924e+07 2.067426910888453946e+07 2.072270941802785918e+07 2.076550710293497145e+07 2.080262646162808686e+07 2.083427395287843794e+07 2.086081597088544071e+07 2.088271445520443469e+07 2.090047851640657336e+07 2.091462966697365418e+07 2.092567815651292354e+07 2.093410808819546178e+07 2.094036929409791529e+07 2.094487428577676043e+07 2.094799892656790838e+07 2.095008577103484794e+07 2.095144927571232244e+07 2.095238230256614462e+07 2.095316351533014327e+07 2.095406541416989639e+07 2.096974869949809089e+07 2.098512756750865281e+07
1.599999999999056384e+07 1.995304589055581391e+07 1.993385554795521498e+07 1.993880697592997178e+07 1.996330308687108755e+07 2.000256107643950731e+07 2.005198406780353934e+07 2.010744540653291345e+07 2.016546203513836861e+07 2.022326334325468913e+07 2.027877852557578683e+07 2.033057026027251780e+07 2.037773983354147151e+07 2.041982288466732949e+07 2.045668854872059450e+07 2.048844935024931282e+07 2.051538520198888332e+07 2.053788221739290282e+07 2.055638547726392001e+07 2.057136408923842385e+07 2.058328657917140797e+07 2.059260465627067909e+07 2.059974356141255796e+07 2.060509745119618624e+07 2.060902853450510278e+07 2.061186893263036758e+07 2.061392446245065704e+07 2.061547973821603507e+07 2.061680415022213757e+07 2.061815841044553742e+07 2.063360643406450003e+07 2.064853041526482627e+07
1.599999999999977276e+07 1.968248451449318603e+07 1.966164977561570331e+07 1.966329815932137519e+07 1.968326290990401432e+07 1.971725212805983424e+07 1.976113844953078777e+07 1.981118726243017241e+07 1.986420380046884716e+07 1.991760008423148096e+07 1.996939577662285790e+07 2.001817235044200346e+07 2.006299965505309403e+07 2.010335059975361824e+07 2.013901529141267389e+07 2.017002181978023052e+07 2.019656754506706074e+07 2.021896233944290504e+07 2.023758366988768429e+07 2.025284250215610117e+07 2.026515856599345431e+07 2.027494339026930556e+07 2.028258957171828300e+07 2.028846489661259204e+07 2.029291013394055516e+07 2.029623952595018595e+07 2.029874319665743411e+07 2.030069087058868632e+07 2.030233643859841675e+07 2.030392302511739358e+07 2.031886711556920037e+07 2.033316469668121263e+07
1.600000000000000000e+07 1.944587391380471736e+07 1.942318329183163866e+07 1.942136582066611201e+07 1.943664530889943242e+07 1.946517013283029199e+07 1.950323960688874498e+07 1.954748655738626793e+07 1.959500016966419667e+07 1.964338741037549078e+07 1.969078137488365546e+07 1.973580995500164852e+07 1.977753914317546412e+07 1.981540359707123414e+07 1.984913420007435605e+07 1.987868927565268800e+07 1.990419341439884901e+07 1.992588578086188063e+07 1.994407830127288774e+07 1.995912320548584685e+07 1.997138888315507025e+07 1.998124279392121732e+07 1.998904014224172756e+07 1.999511711168853566e+07 1.999978759576118365e+07 2.000334252566359565e+07 2.000605105713072047e+07 2.000816302528659254e+07 2.000991220249527320e+07 2.001151999755563587e+07 2.002571100310896337e+07 2.003922909890157729e+07
1.600000000000000000e+07 1.923904632179732248e+07 1.921439786335309222e+07 1.920912687231190503e+07 1.921979861301204562e+07 1.924294231864928454e+07 1.927523026938736811e+07 1.931362463663564995e+07 1.935547937881825119e+07 1.939859446258989349e+07 1.944122735184994712e+07 1.948207112817939743e+07 1.952021003784924001e+07 1.955506255872876570e+07 1.958632020512256399e+07 1.961388802023052797e+07 1.963783055323784053e+07 1.965832534113698453e+07 1.967562459532332048e+07 1.969002490426864475e+07 1.970184423048318550e+07 1.971140521327749267e+07 1.971902370570469648e+07 1.972500150668676570e+07 1.972962234673502669e+07 1.973315031216007844e+07 1.973583002490680665e+07 1.973788801915903017e+07 1.973953486432305723e+07 1.974096767418414727e+07 1.975418133339568228e+07 1.976678773355282843e+07
1.600000000000000000e+07 1.905868704520479962e+07 1.903205493869864196e+07 1.902344915516207740e+07 1.902972717107178643e+07 1.904774012650040537e+07 1.907447770586953312e+07 1.910718809804185480e+07 1.914346282059014589e+07 1.918128350666103885e+07 1.921903372198688984e+07 1.925548264442129061e+07 1.928974897989109159e+07 1.932125330017820373e+07 1.934966573543656617e+07 1.937485424293402582e+07 1.939683693990096450e+07 1.941574048671224713e+07 1.943176534345076978e+07 1.944515790664471686e+07 1.945618901866884902e+07 1.946513806397219002e+07 1.947228175682736933e+07 1.947788672653481364e+07 1.948220507239663973e+07 1.948547215928502753e+07 1.948790603302959353e+07 1.948970793935097009e+07 1.949106352312299609e+07 1.949214436317839846e+07 1.950418476379423589e+07 1.951576918147355318e+07
1.600000000000000000e+07 1.890209176238429546e+07 1.887351266058424115e+07 1.886176337420632318e+07 1.886394683233535290e+07 1.887718081160650402e+07 1.889871914759945124e+07 1.892605235161508992e+07 1.895697920043745637e+07 1.898964663249114156e+07 1.902256015103901550e+07 1.905457014669533446e+07 1.908484099787304178e+07 1.911280981361300871e+07 1.913814075339659303e+07 1.916067948380962014e+07 1.918041088635174558e+07 1.919742184540547058e+07 1.921186992791165039e+07 1.922395803729696944e+07 1.923391465392766893e+07 1.924197901084902883e+07 1.924839044084469229e+07 1.925338111885392666e+07 1.925717147243937477e+07 1.925996761277820542e+07 1.926196022938552126e+07 1.926332448080098256e+07 1.926422049371486530e+07 1.926479415139282495e+07 1.927549538896027952e+07 1.928596932519900054e+07
1.600000000000000000e+07 1.876700727256663889e+07 1.873657633700568229e+07 1.872193188362972438e+07 1.872037801679326221e+07 1.872924801467096433e+07 1.874601042817811295e+07 1.876835662709604949e+07 1.879426254641446471e+07 1.882202243805199489e+07 1.885025668122154474e+07 1.887789849014022574e+07 1.890416559217262641e+07 1.892852292460544780e+07 1.895064156078122929e+07 1.897035785743865371e+07 1.898763554139674082e+07 1.900253232552910224e+07 1.901517175330964848e+07 1.902572033446291462e+07 1.903436962427515164e+07 1.904132266981519386e+07 1.904678414844697341e+07 1.905095351376144588e+07 1.905402050644773617e+07 1.905616245699020848e+07 1.905754288595580682e+07 1.905831098511255905e+07 1.905860163266769052e+07 1.905853565594017506e+07 1.906776191796378791e+07 1.907705760079490021e+07
1.600000000000000000e+07 1.865152595602806658e+07 1.861939832421318069e+07 1.860215870451825112e+07 1.859726950316689909e+07 1.860223177681483701e+07 1.861468341242877394e+07 1.863247874275894463e+07 1.865374313581681997e+07 1.867690109855119511e+07 1.870068042671886832e+07 1.872409736842524260e+07 1.874642868006518111e+07 1.876717620943041146e+07 1.878602870992555097e+07 1.880282438382954895e+07 1.881751645989489928e+07 1.883014309328832105e+07 1.884080209699162468e+07 1.884963047256100923e+07 1.885678837037523091e+07 1.886244692882789299e+07 1.886677937253918499e+07 1.886995475256955624e+07 1.887213375664633140e+07 1.887346608297459409e+07 1.887408894295959547e+07 1.887412632741005346e+07 1.887368873289766908e+07 1.887287309810460359e+07 1.888051747440122813e+07 1.888858614150711522e+07
1.600000000000000000e+07 1.855401646290747076e+07 1.852041265420050174e+07 1.850093036468645558e+07 1.849314721747704223e+07 1.849468658323893696e+07 1.850331417702490091e+07 1.851701382708487660e+07 1.853403663938695565e+07 1.855292330345977098e+07 1.857250324181282148e+07 1.859187634859345108e+07 1.861038347925940156e+07 1.862757119553915784e+07 1.864315508720312640e+07 1.865698469392424077e+07 1.866901188173669949e+07 1.867926359910158068e+07 1.868781926774226502e+07 1.869479262508183345e+07 1.870031758054587245e+07 1.870453752706617862e+07 1.870759751790766418e+07 1.870963874279860780e+07 1.871079479098933563e+07 1.871118925507733971e+07 1.871093429733678326e+07 1.871012986365364864e+07 1.870886328600745276e+07 1.870720906188243255e+07 1.871319142046534643e+07 1.872000120032913610e+07
1.600000000000000000e+07 1.847308061068491638e+07 1.843829601347137243e+07 1.841698136421819404e+07 1.840678420297399536e+07 1.840540586904127896e+07 1.841070229198195413e+07 1.842075879497799277e+07 1.843393422676941007e+07 1.844887625756413117e+07 1.846451359341337159e+07 1.848003226766320691e+07 1.849484280159305781e+07 1.850854373425133526e+07 1.852088545643049851e+07 1.853173683556960523e+07 1.854105596017572284e+07 1.854886549844038486e+07 1.855523261943569034e+07 1.856025310403210670e+07 1.856403911269246414e+07 1.856671002442595735e+07 1.856838577396218851e+07 1.856918216306991875e+07 1.856920768709276244e+07 1.856856148676591739e+07 1.856733210104279593e+07 1.856559675541039929e+07 1.856342097073964402e+07 1.856085832022351772e+07 1.856512259612761065e+07 1.857065621518213302e+07
1.600000000000000000e+07 1.840753164895945415e+07 1.837195144197360054e+07 1.834928168660062551e+07 1.833719004046092927e+07 1.833341198488024250e+07 1.833586089239674807e+07 1.834270294035434723e+07 1.835239460263599083e+07 1.836368818988427892e+07 1.837561437204869464e+07 1.838745081673035771e+07 1.839868449694671109e+07 1.840897306659499556e+07 1.841810868238077685e+07 1.842598606601900980e+07 1.843257549626292288e+07 1.843790072548817098e+07 1.844202142509792745e+07 1.844501957979763299e+07 1.844698919587607682e+07 1.844802870838079229e+07 1.844823553026372567e+07 1.844770226052417979e+07 1.844651414474156126e+07 1.844474745295403153e+07 1.844246850326872617e+07 1.843973311392113194e+07 1.843658631212542206e+07 1.843306216604026780e+07 1.843557339385454729e+07 1.843982590368850529e+07
1.600000000000000000e+07 1.835639363183758035e+07 1.832051566648883745e+07 1.829704736686892807e+07 1.828362014476534724e+07 1.827796133670598641e+07 1.827801682087915391e+07 1.828202390251334384e+07 1.828853753789812326e+07 1.829642139997141436e+07 1.830481713131910935e+07 1.831310315336492658e+07 1.832085108717086911e+07 1.832778467390925437e+07 1.833374366086234152e+07 1.833865351396558434e+07 1.834250087707790732e+07 1.834531421923897043e+07 1.834714892054757103e+07 1.834807602017865330e+07 1.834817390594846010e+07 1.834752231583990157e+07 1.834619812153726071e+07 1.834427245887657627e+07 1.834180885431128740e+07 1.833886206827010587e+07 1.833547743605178222e+07 1.833169053609431908e+07 1.832752705590623990e+07 1.832300275950499997e+07 1.832374414414047822e+07 1.832672082763763890e+07
1.600000000000000000e+07 1.831892741361544281e+07 1.828339677894063294e+07 1.825977936989273876e+07 1.824560751545894518e+07 1.823856477955721319e+07 1.823661935578393936e+07 1.823808698536584154e+07 1.824163708652408421e+07 1.824626262164439633e+07 1.825123220918803290e+07 1.825603757867699862e+07 1.826034404697306827e+07 1.826394762137993053e+07 1.826673977116663381e+07 1.826867952770175040e+07 1.826977196418062970e+07 1.827005193716642261e+07 1.826957202276846394e+07 1.826839372061070427e+07 1.826658116075455025e+07 1.826419670100694522e+07 1.826129793285954744e+07 1.825793572159579769e+07 1.825415299194660410e+07 1.824998403856312856e+07 1.824545419417959079e+07 1.824057973102245480e+07 1.823536790567879751e+07 1.822981708664149418e+07 1.822878735508400574e+07 1.823050193457895890e+07
1.600000000000000000e+07 1.829469888885974139e+07 1.826035828760854155e+07 1.823734160957196727e+07 1.822302122019426525e+07 1.821502253851342574e+07 1.821135421820051596e+07 1.821044392544722557e+07 1.821111112973113731e+07 1.821250833027453721e+07 1.821405335654156655e+07 1.821536572811706364e+07 1.821621277878322080e+07 1.821646683097917959e+07 1.821607250903842971e+07 1.821502246465537325e+07 1.821333969751931354e+07 1.821106487433834001e+07 1.820824735867087916e+07 1.820493896050944179e+07 1.820118966205133870e+07 1.819704476907238364e+07 1.819254308255659044e+07 1.818771579272951186e+07 1.818258587688637897e+07 1.817716784119899198e+07 1.817146769105817005e+07 1.816548304901829362e+07 1.815920336748592928e+07 1.815261020750660822e+07 1.814982142019155622e+07 1.815029465335772187e+07
1.600000000000000000e+07 1.828372683045939356e+07 1.825168242109385878e+07 1.823009594655615091e+07 1.821615544641347229e+07 1.820746937700212002e+07 1.820215585779766366e+07 1.819882449950251356e+07 1.819650221495389566e+07 1.819454166378924251e+07 1.819253495721542835e+07 1.819024240324068069e+07 1.818753812612266093e+07 1.818437059408653900e+07 1.818073489177624881e+07 1.817665366292287409e+07 1.817216421081712842e+07 1.816730987451709434e+07 1.816213433795339987e+07 1.815667793946945295e+07 1.815097534274767339e+07 1.814505413270117715e+07 1.813893403746867925e+07 1.813262657069307566e+07 1.812613495174485445e+07 1.811945420583886653e+07 1.811257137813752145e+07 1.810546582073864341e+07 1.809810953225437552e+07 1.809046754888387024e+07 1.808594347589390725e+07 1.808520218446562067e+07
1.600000000000000000e+07 1.828680028288075700e+07 1.825847655243128166e+07 1.823911728232961148e+07 1.822584559549313784e+07 1.821641696414967999e+07 1.820920508449239656e+07 1.820311128929899260e+07 1.819744333460853994e+07 1.819179713867092133e+07 1.818595976465571672e+07 1.817983812619461119e+07 1.817341026456815004e+07 1.816669365048585832e+07 1.815972526265633851e+07 1.815254938905209303e+07 1.814521032354534417e+07 1.813774810066900030e+07 1.813019609264687449e+07 1.812257974051634222e+07 1.811491597339320555e+07 1.810721304334710538e+07 1.809947060850194469e+07 1.809167996069350466e+07 1.808382433329296112e+07 1.807587925011225417e+07 1.806781289406274632e+07 1.805958648844009638e+07 1.805115469696596637e+07 1.804246606286096573e+07 1.803624115103678033e+07 1.803431768270739913e+07
1.600000000000000000e+07 1.830619314210464805e+07 1.828323697454787791e+07 1.826649945286721364e+07 1.825358341701454669e+07 1.824276519440878183e+07 1.823289303211943805e+07 1.822328629086939991e+07 1.821360211391787603e+07 1.820370944949942082e+07 1.819359518269849196e+07 1.818330358574084193e+07 1.817290090975920856e+07 1.816245628338556737e+07 1.815203225936622173e+07 1.814168069488396868e+07 1.813144140312666818e+07 1.812134214477872103e+07 1.811139920092263445e+07 1.810161814682740718e+07 1.809199464849343896e+07 1.808251520709969848e+07 1.807315782637427375e+07 1.806389260044851154e+07 1.805468222929527983e+07 1.804548247306694463e+07 1.803624255959935486e+07 1.802690556324195862e+07 1.801740877934785560e+07 1.800768412819841504e+07 1.799980300551241264e+07 1.799673508153659850e+07
1.600000000000000000e+07 1.834738234301860631e+07 1.833081619120266289e+07 1.831567641722884774e+07 1.830155344955544919e+07 1.828774344162821770e+07 1.827373417166284472e+07 1.825934026897286996e+07 1.824459748403326422e+07 1.822964236906269938e+07 1.821463573739544675e+07 1.819972497736477479e+07 1.818502985496682674e+07 1.817064010498452559e+07 1.815661799144487083e+07 1.814300238447193056e+07 1.812981281231028214e+07 1.811705292086588591e+07 1.810471322351290286e+07 1.809277320655515790e+07 1.808120291123193130e+07 1.806996411387082189e+07 1.805901120685416088e+07 1.804829186042444408e+07 1.803774752552801371e+07 1.802731382305404916e+07 1.801692085533984751e+07 1.800649347148975730e+07 1.799595151870531589e+07 1.798521011750131100e+07 1.797572750749744847e+07 1.797155836140665412e+07
1.600000000000000000e+07 1.842338627372744679e+07 1.840957504017206654e+07 1.839141111689995974e+07 1.837250901611027122e+07 1.835278225157197565e+07 1.833222908100243658e+07 1.831113671371632814e+07 1.828987842038941011e+07 1.826878962352304906e+07 1.824812708324317634e+07 1.822806850247800350e+07 1.820872602725875750e+07 1.819016176400230080e+07 1.817240108661307395e+07 1.815544281180299819e+07 1.813926653286832571e+07 1.812383772347149253e+07 1.810911120914930478e+07 1.809503349014566094e+07 1.808154427518078685e+07 1.806857748137665540e+07 1.805606187629301473e+07 1.804392148117573932e+07 1.803207581538999826e+07 1.802044003622515872e+07 1.800892501242317259e+07 1.799743736155717820e+07 1.798587947936594859e+07 1.797414959270360693e+07 1.796313045279766619e+07 1.795790912546366453e+07
1.600000000000000000e+07 1.856472680379838124e+07 1.852901827322391421e+07 1.849929920709161833e+07 1.846980763259090483e+07 1.843943793798029050e+07 1.840866746101737767e+07 1.837818695312646031e+07 1.834852837504073977e+07 1.832002655390458554e+07 1.829286242799877748e+07 1.826711214857710153e+07 1.824278472015186027e+07 1.821984752524268255e+07 1.819824268825201690e+07 1.817789722381302342e+07 1.815872916445845738e+07 1.814065115108717978e+07 1.812357244727910310e+07 1.810739998725420237e+07 1.809203883977689594e+07 1.807739232540112734e+07 1.806336193288086355e+07 1.804984712304943800e+07 1.803674507270549983e+07 1.802395038933747262e+07 1.801135481514925510e+07 1.799884693301976100e+07 1.798631188622348383e+07 1.797363112734075636e+07 1.796115078908457607e+07 1.795493241977720708e+07
1.600000000000000000e+07 1.822181350175484642e+07 1.808304346532078460e+07 1.800154889059674740e+07 1.793707334856740013e+07 1.788037508635729179e+07 1.782888532625209168e+07 1.778165856404267624e+07 1.773818707152776048e+07 1.769810072159127891e+07 1.766108724874795601e+07 1.762686957660052553e+07 1.759519788683410734e+07 1.756584536041813716e+07 1.753860483088693023e+07 1.751328576310150698e+07 1.748971148883375525e+07 1.746771671926944703e+07 1.744714534686004743e+07 1.742784852945667878e+07 1.740968303581094742e+07 1.739250982429777831e+07 1.737619282408664748e+07 1.736059788811406866e+07 1.734559188888989389e+07 1.733104193072996289e+07 1.731681465515217558e+07 1.730277561987849325e+07 1.728878873634891957e+07 1.727471575627838820e+07 1.726040341813820228e+07 1.725303080078328401e+07
1.200000000000000000e+07 1.337170055175955966e+07 1.312821901695095748e+07 1.296459091515490785e+07 1.284110892914452218e+07 1.274149980453309603e+07 1.265768001293290965e+07 1.258517197445789725e+07 1.252128341558854841e+07 1.246427737260084599e+07 1.241296115417477489e+07 1.236646977807723358e+07 1.232414563628720865e+07 1.228546827914320491e+07 1.225001151389952563e+07 1.221741603480841406e+07 1.218737125317984074e+07 1.215960279741660319e+07 1.213386364334541373e+07 1.210992765391695313e+07 1.208758477126699127e+07 1.206663737507810257e+07 1.204689748426913656e+07 1.202818458020983823e+07 1.201032389432538860e+07 1.199314504552998766e+07 1.197648094180857763e+07 1.196016688053735346e+07 1.194403979705805331e+07 1.192793762289091200e+07 1.191120395238928311e+07 1.190239253444650583e+07
1.200000000000000000e+07 1.290657916604069062e+07 1.270005898062778823e+07 1.252479013531469367e+07 1.238083527938728407e+07 1.226114835334564932e+07 1.215962002305176109e+07 1.207187683929558657e+07 1.199489353982895613e+07 1.192655833667694964e+07 1.186535948500986025e+07 1.181018032730129361e+07 1.176016845345270261e+07 1.171465196321758255e+07 1.167308509858538769e+07 1.163501223070037924e+07 1.160004346230416559e+07 1.156783771545516513e+07 1.153809074638747238e+07 1.151052647824472375e+07 1.148489062016095594e+07 1.146094589750260673e+07 1.143846844133066200e+07 1.141724502744725160e+07 1.139707094777023047e+07 1.137774835785913654e+07 1.135908498554312624e+07 1.134089311383944377e+07 1.132298877126474306e+07 1.130519107737606205e+07 1.128634473400379904e+07 1.127625042280807532e+07
1.200000000000000000e+07 1.295778159402099438e+07 1.277271265911680087e+07 1.261197279107895121e+07 1.247204047067942284e+07 1.235047809971602075e+07 1.224448385312816687e+07 1.215143060308697075e+07 1.206911664433111809e+07 1.199578126678664982e+07 1.193003618088434823e+07 1.187078370753845014e+07 1.181714570347289555e+07 1.176840806689768285e+07 1.172397927000556700e+07 1.168335988862399943e+07 1.164612027924934961e+07 1.161188415083380416e+07 1.158031637130473368e+07 1.155111382326246798e+07 1.152399847248450667e+07 1.149871205989025161e+07 1.147501199914220907e+07 1.145266818028882891e+07 1.143146046129785106e+07 1.141117668560980260e+07 1.139161110293109342e+07 1.137256309781489521e+07 1.135383614989797212e+07 1.133523696368837357e+07 1.131518028094505705e+07 1.130427075758906268e+07
1.200000000000000000e+07 1.298540384427614324e+07 1.282394689413602650e+07 1.267679978615259379e+07 1.254412950035576522e+07 1.242527718133362010e+07 1.231910137972083688e+07 1.222422726570699550e+07 1.213927266201008856e+07 1.206297141247445159e+07 1.199421686346863769e+07 1.193206242182996124e+07 1.187570401884747110e+07 1.182445749743760750e+07 1.177773674293833226e+07 1.173503467879306339e+07 1.169590754984986968e+07 1.165996223156392947e+07 1.162684609159248881e+07 1.159623891908615083e+07 1.156784649827841111e+07 1.154139548053024150e+07 1.151662928072372451e+07 1.149330478307593800e+07 1.147118968764028884e+07 1.145006036376117915e+07 1.142970010278693214e+07 1.140989768147328123e+07 1.139044616143659316e+07 1.137114186017968878e+07 1.135001401293474250e+07 1.133838314901632816e+07
1.200000000000000000e+07 1.300947533916855045e+07 1.286497186698301136e+07 1.272951482027470693e+07 1.260436619422671199e+07 1.248980940884379484e+07 1.238555482412645593e+07 1.229097507176083885e+07 1.220527663564305753e+07 1.212761869396050088e+07 1.205718380667482316e+07 1.199321314905566350e+07 1.193501954851480760e+07 1.188198822019235790e+07 1.183357147664809972e+07 1.178928101113185473e+07 1.174867966027327068e+07 1.171137357014992833e+07 1.167700515483060852e+07 1.164524696108724549e+07 1.161579642026657797e+07 1.158837141064322926e+07 1.156270653357151523e+07 1.153855000455253199e+07 1.151566106574033573e+07 1.149380783436862007e+07 1.147276550967532955e+07 1.145231486805200391e+07 1.143224098193226010e+07 1.141233210232010297e+07 1.139027513240120374e+07 1.137801801834413782e+07
1.200000000000000000e+07 1.303481823066877574e+07 1.290200103425456770e+07 1.277578292314391397e+07 1.265740349718794413e+07 1.254744393640405312e+07 1.244601334111957438e+07 1.235289779842283763e+07 1.226767843944895081e+07 1.218982269178031944e+07 1.211874969961817376e+07 1.205387316882002912e+07 1.199462682223176584e+07 1.194047772192225978e+07 1.189093174104707316e+07 1.184553427547531575e+07 1.180386826469998993e+07 1.176555084004979581e+07 1.173022940752217919e+07 1.169757764142657258e+07 1.166729165638466552e+07 1.163908649613112211e+07 1.161269299870184250e+07 1.158785505002877302e+07 1.156432720973634720e+07 1.154187267659348436e+07 1.152026155192900635e+07 1.149926935437748209e+07 1.147867573664664850e+07 1.145826335333212279e+07 1.143541830770520493e+07 1.142262894510526210e+07
1.200000000000000000e+07 1.306234274175655469e+07 1.293778178652629256e+07 1.281872668285411596e+07 1.270612306658523716e+07 1.260054322347786278e+07 1.250223486821192130e+07 1.241118789019392990e+07 1.232720182953606732e+07 1.224994686887850612e+07 1.217901442839713581e+07 1.211395594081700221e+07 1.205431045934418030e+07 1.199962292561023869e+07 1.194945526083178446e+07 1.190339227920862660e+07 1.186104405621268600e+07 1.182204599113011919e+07 1.178605746026420221e+07 1.175275968607458659e+07 1.172185324447260052e+07 1.169305548528927751e+07 1.166609803650101647e+07 1.164072448994684406e+07 1.161668831625232659e+07 1.159375102290908433e+07 1.157168054706634209e+07 1.155024985995760560e+07 1.152923575032013841e+07 1.150841774764093384e+07 1.148492074655527249e+07 1.147168971686385944e+07
1.200000000000000000e+07 1.309185757534524240e+07 1.297338667785020173e+07 1.285996352392198332e+07 1.275223803054130264e+07 1.265066741658604331e+07 1.255550653702915087e+07 1.246682411143945530e+07 1.238453275105207972e+07 1.230842443643365987e+07 1.223820557093409635e+07 1.217352789007457532e+07 1.211401345324960165e+07 1.205927341409409605e+07 1.200892115280191600e+07 1.196258075313580222e+07 1.191989188668628782e+07 1.188051207563003711e+07 1.184411714346207492e+07 1.181040048839174025e+07 1.177907165426295996e+07 1.174985453969327360e+07 1.172248547936066240e+07 1.169671134962918051e+07 1.167228779009765573e+07 1.164897758902082592e+07 1.162654925003363751e+07 1.160477573686171882e+07 1.158343337893671915e+07 1.156230091174798273e+07 1.153827944395870343e+07 1.152469171557109058e+07
1.200000000000000000e+07 1.312286080559436046e+07 1.300910747552496940e+07 1.290025390302408487e+07 1.279670996767785400e+07 1.269879639445321262e+07 1.260671639895955846e+07 1.252054689996087551e+07 1.244024549668695964e+07 1.236566779516348615e+07 1.229658967358411662e+07 1.223273016015424766e+07 1.217377209291546419e+07 1.211937912495763414e+07 1.206920867737745121e+07 1.202292108802475780e+07 1.198018552922908403e+07 1.194068337437057495e+07 1.190410967106477730e+07 1.187017329255677946e+07 1.183859622975684516e+07 1.180911237761185318e+07 1.178146607289236411e+07 1.175541056054592505e+07 1.173070650306027196e+07 1.170712060026728921e+07 1.168442435328318365e+07 1.166239298319285549e+07 1.164080450020429678e+07 1.161943891029073857e+07 1.159500863449177705e+07 1.158114165604314581e+07
1.200000000000000000e+07 1.315475841387880594e+07 1.304485483965907432e+07 1.293987093622515909e+07 1.284002636495452933e+07 1.274551059234778211e+07 1.265645087870384380e+07 1.257289299003753252e+07 1.249479605052224919e+07 1.242203868002777174e+07 1.235443211322851852e+07 1.229173628259004094e+07 1.223367587477947213e+07 1.217995452035206929e+07 1.213026624458046630e+07 1.208430399331632815e+07 1.204176546456060186e+07 1.200235668314489722e+07 1.196579381962715648e+07 1.193180373231383413e+07 1.190012364526730962e+07 1.187050029305129871e+07 1.184268878146041743e+07 1.181645134135415219e+07 1.179155609363936447e+07 1.176777589802627452e+07 1.174488732536927797e+07 1.172266977138552442e+07 1.170090471636983193e+07 1.167937512985556945e+07 1.165463743556367420e+07 1.164055965109105967e+07
1.200000000000000000e+07 1.318690128816794604e+07 1.308032676065097190e+07 1.297879864870537072e+07 1.288237603804307990e+07 1.279112498756566644e+07 1.270508534606631100e+07 1.262424811656504124e+07 1.254854545991068520e+07 1.247785099576955475e+07 1.241198692686448246e+07 1.235073470517930947e+07 1.229384666432112083e+07 1.224105688176374882e+07 1.219209030100968666e+07 1.214666973880245909e+07 1.210452080461068079e+07 1.206537499131317437e+07 1.202897129838094860e+07 1.199505676457790844e+07 1.196338625228126720e+07 1.193372176656416617e+07 1.190583152686122246e+07 1.187948894784832560e+07 1.185447163446073048e+07 1.183056045575693995e+07 1.180753873366368562e+07 1.178519156451762840e+07 1.176330528210762516e+07 1.174166706890335307e+07 1.171670763006387465e+07 1.170247755497013405e+07
1.200000000000000000e+07 1.321855357635907270e+07 1.311506897616927698e+07 1.301683378901176900e+07 1.292375796255326457e+07 1.283578642781077884e+07 1.275286181101120077e+07 1.267490317913320847e+07 1.260179614181758091e+07 1.253339067180121504e+07 1.246950409612674452e+07 1.240992711353496090e+07 1.235443104557306133e+07 1.230277498534703813e+07 1.225471199975249358e+07 1.220999397665264830e+07 1.216837503622019477e+07 1.212961363567018695e+07 1.209347360503482074e+07 1.205972438516956940e+07 1.202814072488408163e+07 1.199850205428847857e+07 1.197059170221808739e+07 1.194419607722217031e+07 1.191910388981676102e+07 1.189510546116582304e+07 1.187199214093746804e+07 1.184955584483649023e+07 1.182758871965114214e+07 1.180588294565527514e+07 1.178077149366349913e+07 1.176643752942769602e+07
1.200000000000000000e+07 1.324882338781279325e+07 1.314848265949638560e+07 1.305363598830218427e+07 1.296405257534960099e+07 1.287954986093440093e+07 1.279995878428490832e+07 1.272511164411754347e+07 1.265483484143876098e+07 1.258894478361091204e+07 1.252724675624444336e+07 1.246953610774656385e+07 1.241560080084095523e+07 1.236522443274184689e+07 1.231818905938281119e+07 1.227427743727386557e+07 1.223327453651745617e+07 1.219496834769968502e+07 1.215915010257971473e+07 1.212561406773001328e+07 1.209415706993799470e+07 1.206457788915537484e+07 1.203667662201602012e+07 1.201025408509257808e+07 1.198511129718792625e+07 1.196104905660221726e+07 1.193786761364548467e+07 1.191536643170832284e+07 1.189334403477454931e+07 1.187159796551021188e+07 1.184638949824186787e+07 1.183199079275578447e+07
1.200000000000000000e+07 1.327656882805320807e+07 1.317979945164392889e+07 1.308875113138940558e+07 1.300308214113216847e+07 1.292245351343963481e+07 1.284656455205156654e+07 1.277515212800244056e+07 1.270798137221246772e+07 1.264483648351215571e+07 1.258551388269907981e+07 1.252981778002849780e+07 1.247755757208667137e+07 1.242854639717604406e+07 1.238260030137210898e+07 1.233953764665416069e+07 1.229917855776455440e+07 1.226134432809098437e+07 1.222585678250144422e+07 1.219253763376280293e+07 1.216120788002306037e+07 1.213168728467283770e+07 1.210379396535626240e+07 1.207734410190525651e+07 1.205215175703286193e+07 1.202802879043335654e+07 1.200478483705049567e+07 1.198222731377891265e+07 1.196016141620169394e+07 1.193839007067669183e+07 1.191312758082619868e+07 1.189869667463805154e+07
1.200000000000000000e+07 1.330031236227018945e+07 1.320795662357734144e+07 1.312163669089430198e+07 1.304070428997169994e+07 1.296462395891230181e+07 1.289297025134779885e+07 1.282540263870330900e+07 1.276164395453873277e+07 1.270146372144564800e+07 1.264466527163208276e+07 1.259107577079517208e+07 1.254053851949479617e+07 1.249290705306551047e+07 1.244804065272642113e+07 1.240580095576925389e+07 1.236604942105743848e+07 1.232864546562517062e+07 1.229344513580298983e+07 1.226030021108675003e+07 1.222905766219890676e+07 1.219955939894693345e+07 1.217164225123739801e+07 1.214513813018476218e+07 1.211987431715888344e+07 1.209567382754978351e+07 1.207235579290494509e+07 1.204973579886130244e+07 1.202762610379559919e+07 1.200583563241607696e+07 1.198055374653830379e+07 1.196612361489505135e+07
1.200000000000000000e+07 1.328453501351117343e+07 1.319827377172535658e+07 1.311763823347868025e+07 1.304210789946945384e+07 1.297110882623060793e+07 1.290414303730718605e+07 1.284080584295673296e+07 1.278077890594593436e+07 1.272381690791610256e+07 1.266973254755496420e+07 1.261838179841508903e+07 1.256965049213092588e+07 1.252344281841783784e+07 1.247967198283690959e+07 1.243825300641499273e+07 1.239909748341987096e+07 1.236211002288899384e+07 1.232718606743729301e+07 1.229421079004393891e+07 1.226305879929191619e+07 1.223359442339158058e+07 1.220567238480587304e+07 1.217913871526034549e+07 1.215383179257931933e+07 1.212958340484247170e+07 1.210621976325060055e+07 1.208356239217298105e+07 1.206142881978927180e+07 1.203963295376316272e+07 1.201439334049700387e+07 1.200000000000000000e+07
