-5.257311121191e-01 8.506508083520e-01 0.000000000000e+00
5.257311121191e-01 8.506508083520e-01 0.000000000000e+00
-5.257311121191e-01 -8.506508083520e-01 0.000000000000e+00
5.257311121191e-01 -8.506508083520e-01 0.000000000000e+00
0.000000000000e+00 -5.257311121191e-01 8.506508083520e-01
0.000000000000e+00 5.257311121191e-01 8.506508083520e-01
0.000000000000e+00 -5.257311121191e-01 -8.506508083520e-01
0.000000000000e+00 5.257311121191e-01 -8.506508083520e-01
8.506508083520e-01 0.000000000000e+00 -5.257311121191e-01
8.506508083520e-01 0.000000000000e+00 5.257311121191e-01
-8.506508083520e-01 0.000000000000e+00 -5.257311121191e-01
-8.506508083520e-01 0.000000000000e+00 5.257311121191e-01
-8.090169943749e-01 5.000000000000e-01 3.090169943749e-01
-5.000000000000e-01 3.090169943749e-01 8.090169943749e-01
-3.090169943749e-01 8.090169943749e-01 5.000000000000e-01
3.090169943749e-01 8.090169943749e-01 5.000000000000e-01
0.000000000000e+00 1.000000000000e+00 0.000000000000e+00
3.090169943749e-01 8.090169943749e-01 -5.000000000000e-01
-3.090169943749e-01 8.090169943749e-01 -5.000000000000e-01
-5.000000000000e-01 3.090169943749e-01 -8.090169943749e-01
-8.090169943749e-01 5.000000000000e-01 -3.090169943749e-01
-1.000000000000e+00 0.000000000000e+00 0.000000000000e+00
5.000000000000e-01 3.090169943749e-01 8.090169943749e-01
8.090169943749e-01 5.000000000000e-01 3.090169943749e-01
-5.000000000000e-01 -3.090169943749e-01 8.090169943749e-01
0.000000000000e+00 0.000000000000e+00 1.000000000000e+00
-8.090169943749e-01 -5.000000000000e-01 -3.090169943749e-01
-8.090169943749e-01 -5.000000000000e-01 3.090169943749e-01
0.000000000000e+00 0.000000000000e+00 -1.000000000000e+00
-5.000000000000e-01 -3.090169943749e-01 -8.090169943749e-01
8.090169943749e-01 5.000000000000e-01 -3.090169943749e-01
5.000000000000e-01 3.090169943749e-01 -8.090169943749e-01
8.090169943749e-01 -5.000000000000e-01 3.090169943749e-01
5.000000000000e-01 -3.090169943749e-01 8.090169943749e-01
3.090169943749e-01 -8.090169943749e-01 5.000000000000e-01
-3.090169943749e-01 -8.090169943749e-01 5.000000000000e-01
0.000000000000e+00 -1.000000000000e+00 0.000000000000e+00
-3.090169943749e-01 -8.090169943749e-01 -5.000000000000e-01
3.090169943749e-01 -8.090169943749e-01 -5.000000000000e-01
5.000000000000e-01 -3.090169943749e-01 -8.090169943749e-01
8.090169943749e-01 -5.000000000000e-01 -3.090169943749e-01
1.000000000000e+00 0.000000000000e+00 0.000000000000e+00
-6.937804775604e-01 7.020464447762e-01 1.606220356400e-01
-5.877852522925e-01 6.881909602356e-01 4.253254041760e-01
-4.338885645527e-01 8.626684804162e-01 2.598919130078e-01
-7.020464447762e-01 1.606220356400e-01 6.937804775604e-01
-6.881909602356e-01 4.253254041760e-01 5.877852522925e-01
-8.626684804162e-01 2.598919130078e-01 4.338885645527e-01
-1.606220356400e-01 6.937804775604e-01 7.020464447762e-01
-4.253254041760e-01 5.877852522925e-01 6.881909602356e-01
-2.598919130078e-01 4.338885645527e-01 8.626684804162e-01
-1.624598481165e-01 9.510565162952e-01 2.628655560596e-01
-2.732665289127e-01 9.619383577839e-01 0.000000000000e+00
1.606220356400e-01 6.937804775604e-01 7.020464447762e-01
0.000000000000e+00 8.506508083520e-01 5.257311121191e-01
2.732665289127e-01 9.619383577839e-01 0.000000000000e+00
1.624598481165e-01 9.510565162952e-01 2.628655560596e-01
4.338885645527e-01 8.626684804162e-01 2.598919130078e-01
-1.624598481165e-01 9.510565162952e-01 -2.628655560596e-01
-4.338885645527e-01 8.626684804162e-01 -2.598919130078e-01
4.338885645527e-01 8.626684804162e-01 -2.598919130078e-01
1.624598481165e-01 9.510565162952e-01 -2.628655560596e-01
-1.606220356400e-01 6.937804775604e-01 -7.020464447762e-01
0.000000000000e+00 8.506508083520e-01 -5.257311121191e-01
1.606220356400e-01 6.937804775604e-01 -7.020464447762e-01
-5.877852522925e-01 6.881909602356e-01 -4.253254041760e-01
-6.937804775604e-01 7.020464447762e-01 -1.606220356400e-01
-2.598919130078e-01 4.338885645527e-01 -8.626684804162e-01
-4.253254041760e-01 5.877852522925e-01 -6.881909602356e-01
-8.626684804162e-01 2.598919130078e-01 -4.338885645527e-01
-6.881909602356e-01 4.253254041760e-01 -5.877852522925e-01
-7.020464447762e-01 1.606220356400e-01 -6.937804775604e-01
-8.506508083520e-01 5.257311121191e-01 0.000000000000e+00
-9.619383577839e-01 0.000000000000e+00 -2.732665289127e-01
-9.510565162952e-01 2.628655560596e-01 -1.624598481165e-01
-9.510565162952e-01 2.628655560596e-01 1.624598481165e-01
-9.619383577839e-01 0.000000000000e+00 2.732665289127e-01
5.877852522925e-01 6.881909602356e-01 4.253254041760e-01
6.937804775604e-01 7.020464447762e-01 1.606220356400e-01
2.598919130078e-01 4.338885645527e-01 8.626684804162e-01
4.253254041760e-01 5.877852522925e-01 6.881909602356e-01
8.626684804162e-01 2.598919130078e-01 4.338885645527e-01
6.881909602356e-01 4.253254041760e-01 5.877852522925e-01
7.020464447762e-01 1.606220356400e-01 6.937804775604e-01
-2.628655560596e-01 1.624598481165e-01 9.510565162952e-01
0.000000000000e+00 2.732665289127e-01 9.619383577839e-01
-7.020464447762e-01 -1.606220356400e-01 6.937804775604e-01
-5.257311121191e-01 0.000000000000e+00 8.506508083520e-01
0.000000000000e+00 -2.732665289127e-01 9.619383577839e-01
-2.628655560596e-01 -1.624598481165e-01 9.510565162952e-01
-2.598919130078e-01 -4.338885645527e-01 8.626684804162e-01
-9.510565162952e-01 -2.628655560596e-01 1.624598481165e-01
-8.626684804162e-01 -2.598919130078e-01 4.338885645527e-01
-8.626684804162e-01 -2.598919130078e-01 -4.338885645527e-01
-9.510565162952e-01 -2.628655560596e-01 -1.624598481165e-01
-6.937804775604e-01 -7.020464447762e-01 1.606220356400e-01
-8.506508083520e-01 -5.257311121191e-01 0.000000000000e+00
-6.937804775604e-01 -7.020464447762e-01 -1.606220356400e-01
-5.257311121191e-01 0.000000000000e+00 -8.506508083520e-01
-7.020464447762e-01 -1.606220356400e-01 -6.937804775604e-01
0.000000000000e+00 2.732665289127e-01 -9.619383577839e-01
-2.628655560596e-01 1.624598481165e-01 -9.510565162952e-01
-2.598919130078e-01 -4.338885645527e-01 -8.626684804162e-01
-2.628655560596e-01 -1.624598481165e-01 -9.510565162952e-01
0.000000000000e+00 -2.732665289127e-01 -9.619383577839e-01
4.253254041760e-01 5.877852522925e-01 -6.881909602356e-01
2.598919130078e-01 4.338885645527e-01 -8.626684804162e-01
6.937804775604e-01 7.020464447762e-01 -1.606220356400e-01
5.877852522925e-01 6.881909602356e-01 -4.253254041760e-01
7.020464447762e-01 1.606220356400e-01 -6.937804775604e-01
6.881909602356e-01 4.253254041760e-01 -5.877852522925e-01
8.626684804162e-01 2.598919130078e-01 -4.338885645527e-01
6.937804775604e-01 -7.020464447762e-01 1.606220356400e-01
5.877852522925e-01 -6.881909602356e-01 4.253254041760e-01
4.338885645527e-01 -8.626684804162e-01 2.598919130078e-01
7.020464447762e-01 -1.606220356400e-01 6.937804775604e-01
6.881909602356e-01 -4.253254041760e-01 5.877852522925e-01
8.626684804162e-01 -2.598919130078e-01 4.338885645527e-01
1.606220356400e-01 -6.937804775604e-01 7.020464447762e-01
4.253254041760e-01 -5.877852522925e-01 6.881909602356e-01
2.598919130078e-01 -4.338885645527e-01 8.626684804162e-01
1.624598481165e-01 -9.510565162952e-01 2.628655560596e-01
2.732665289127e-01 -9.619383577839e-01 0.000000000000e+00
-1.606220356400e-01 -6.937804775604e-01 7.020464447762e-01
0.000000000000e+00 -8.506508083520e-01 5.257311121191e-01
-2.732665289127e-01 -9.619383577839e-01 0.000000000000e+00
-1.624598481165e-01 -9.510565162952e-01 2.628655560596e-01
-4.338885645527e-01 -8.626684804162e-01 2.598919130078e-01
1.624598481165e-01 -9.510565162952e-01 -2.628655560596e-01
4.338885645527e-01 -8.626684804162e-01 -2.598919130078e-01
-4.338885645527e-01 -8.626684804162e-01 -2.598919130078e-01
-1.624598481165e-01 -9.510565162952e-01 -2.628655560596e-01
1.606220356400e-01 -6.937804775604e-01 -7.020464447762e-01
0.000000000000e+00 -8.506508083520e-01 -5.257311121191e-01
-1.606220356400e-01 -6.937804775604e-01 -7.020464447762e-01
5.877852522925e-01 -6.881909602356e-01 -4.253254041760e-01
6.937804775604e-01 -7.020464447762e-01 -1.606220356400e-01
2.598919130078e-01 -4.338885645527e-01 -8.626684804162e-01
4.253254041760e-01 -5.877852522925e-01 -6.881909602356e-01
8.626684804162e-01 -2.598919130078e-01 -4.338885645527e-01
6.881909602356e-01 -4.253254041760e-01 -5.877852522925e-01
7.020464447762e-01 -1.606220356400e-01 -6.937804775604e-01
8.506508083520e-01 -5.257311121191e-01 0.000000000000e+00
9.619383577839e-01 0.000000000000e+00 -2.732665289127e-01
9.510565162952e-01 -2.628655560596e-01 -1.624598481165e-01
9.510565162952e-01 -2.628655560596e-01 1.624598481165e-01
9.619383577839e-01 0.000000000000e+00 2.732665289127e-01
2.628655560596e-01 -1.624598481165e-01 9.510565162952e-01
5.257311121191e-01 0.000000000000e+00 8.506508083520e-01
2.628655560596e-01 1.624598481165e-01 9.510565162952e-01
-5.877852522925e-01 -6.881909602356e-01 4.253254041760e-01
-4.253254041760e-01 -5.877852522925e-01 6.881909602356e-01
-6.881909602356e-01 -4.253254041760e-01 5.877852522925e-01
-4.253254041760e-01 -5.877852522925e-01 -6.881909602356e-01
-5.877852522925e-01 -6.881909602356e-01 -4.253254041760e-01
-6.881909602356e-01 -4.253254041760e-01 -5.877852522925e-01
5.257311121191e-01 0.000000000000e+00 -8.506508083520e-01
2.628655560596e-01 -1.624598481165e-01 -9.510565162952e-01
2.628655560596e-01 1.624598481165e-01 -9.510565162952e-01
9.510565162952e-01 2.628655560596e-01 1.624598481165e-01
9.510565162952e-01 2.628655560596e-01 -1.624598481165e-01
8.506508083520e-01 5.257311121191e-01 0.000000000000e+00
