65 4 17
13 4 67
18 4 15
2 3 1
101 8 73
14 8 103
74 8 13
6 7 5
21 12 97
15 12 23
98 12 14
10 11 9
7 16 2
11 16 6
3 16 10
14 15 13
1 20 33
29 20 3
34 20 31
18 19 17
85 24 9
30 24 87
10 24 29
22 23 21
37 28 81
31 28 39
82 28 30
26 27 25
23 32 18
27 32 22
19 32 26
30 31 29
17 36 49
45 36 19
50 36 47
34 35 33
149 40 25
46 40 151
26 40 45
38 39 37
53 44 145
47 44 55
146 44 46
42 43 41
39 48 34
43 48 38
35 48 42
46 47 45
33 52 65
61 52 35
66 52 63
50 51 49
133 56 41
62 56 135
42 56 61
54 55 53
69 60 129
63 60 71
130 60 62
58 59 57
55 64 50
59 64 54
51 64 58
62 63 61
49 68 1
77 68 51
2 68 79
66 67 65
117 72 57
78 72 119
58 72 77
70 71 69
5 76 113
79 76 7
114 76 78
74 75 73
71 80 66
75 80 70
67 80 74
78 79 77
25 84 313
93 84 27
314 84 95
82 83 81
249 88 21
94 88 251
22 88 93
86 87 85
305 92 245
95 92 307
246 92 94
90 91 89
87 96 82
91 96 86
83 96 90
94 95 93
9 100 249
109 100 11
250 100 111
98 99 97
265 104 5
110 104 267
6 104 109
102 103 101
241 108 261
111 108 243
262 108 110
106 107 105
103 112 98
107 112 102
99 112 106
110 111 109
73 116 265
125 116 75
266 116 127
114 115 113
281 120 69
126 120 283
70 120 125
118 119 117
257 124 277
127 124 259
278 124 126
122 123 121
119 128 114
123 128 118
115 128 122
126 127 125
57 132 281
141 132 59
282 132 143
130 131 129
297 136 53
142 136 299
54 136 141
134 135 133
273 140 293
143 140 275
294 140 142
138 139 137
135 144 130
139 144 134
131 144 138
142 143 141
41 148 297
157 148 43
298 148 159
146 147 145
313 152 37
158 152 315
38 152 157
150 151 149
289 156 309
159 156 291
310 156 158
154 155 153
151 160 146
155 160 150
147 160 154
158 159 157
225 164 177
173 164 227
178 164 175
162 163 161
245 168 233
174 168 247
234 168 173
166 167 165
181 172 241
175 172 183
242 172 174
170 171 169
167 176 162
171 176 166
163 176 170
174 175 173
161 180 193
189 180 163
194 180 191
178 179 177
261 184 169
190 184 263
170 184 189
182 183 181
197 188 257
191 188 199
258 188 190
186 187 185
183 192 178
187 192 182
179 192 186
190 191 189
177 196 209
205 196 179
210 196 207
194 195 193
277 200 185
206 200 279
186 200 205
198 199 197
213 204 273
207 204 215
274 204 206
202 203 201
199 208 194
203 208 198
195 208 202
206 207 205
193 212 225
221 212 195
226 212 223
210 211 209
293 216 201
222 216 295
202 216 221
214 215 213
229 220 289
223 220 231
290 220 222
218 219 217
215 224 210
219 224 214
211 224 218
222 223 221
209 228 161
237 228 211
162 228 239
226 227 225
309 232 217
238 232 311
218 232 237
230 231 229
165 236 305
239 236 167
306 236 238
234 235 233
231 240 226
235 240 230
227 240 234
238 239 237
169 244 105
253 244 171
106 244 255
242 243 241
89 248 165
254 248 91
166 248 253
246 247 245
97 252 85
255 252 99
86 252 254
250 251 249
247 256 242
251 256 246
243 256 250
254 255 253
185 260 121
269 260 187
122 260 271
258 259 257
105 264 181
270 264 107
182 264 269
262 263 261
113 268 101
271 268 115
102 268 270
266 267 265
263 272 258
267 272 262
259 272 266
270 271 269
201 276 137
285 276 203
138 276 287
274 275 273
121 280 197
286 280 123
198 280 285
278 279 277
129 284 117
287 284 131
118 284 286
282 283 281
279 288 274
283 288 278
275 288 282
286 287 285
217 292 153
301 292 219
154 292 303
290 291 289
137 296 213
302 296 139
214 296 301
294 295 293
145 300 133
303 300 147
134 300 302
298 299 297
295 304 290
299 304 294
291 304 298
302 303 301
233 308 89
317 308 235
90 308 319
306 307 305
153 312 229
318 312 155
230 312 317
310 311 309
81 316 149
319 316 83
150 316 318
314 315 313
311 320 306
315 320 310
307 320 314
318 319 317
