# Divertor Target Heat Flux Profile
# Generated by edge_plasma_divertor_transport
# Columns: R [m], q_target [W/m^2]
# Rows: 50
#------------------------------------------------------------
  1.20000000e+00    2.60405318e-36
  1.21224490e+00    1.54269612e-34
  1.22448980e+00    9.13925777e-33
  1.23673469e+00    5.41428939e-31
  1.24897959e+00    3.20753943e-29
  1.26122449e+00    1.90021412e-27
  1.27346939e+00    1.12572699e-25
  1.28571429e+00    6.66904455e-24
  1.29795918e+00    3.95088289e-22
  1.31020408e+00    2.34058650e-20
  1.32244898e+00    1.38661289e-18
  1.33469388e+00    8.21458772e-17
  1.34693878e+00    4.86649532e-15
  1.35918367e+00    2.88301465e-13
  1.37142857e+00    1.70795879e-11
  1.38367347e+00    1.01183087e-09
  1.39591837e+00    5.99429985e-08
  1.40816327e+00    3.55114988e-06
  1.42040816e+00    2.10377621e-04
  1.43265306e+00    1.24632148e-02
  1.44489796e+00    7.38347175e-01
  1.45714286e+00    4.37412466e+01
  1.46938776e+00    2.59132386e+03
  1.48163265e+00    1.53515500e+05
  1.49387755e+00    9.09458258e+06
  1.50612245e+00    1.29922608e+07
  1.51836735e+00    2.19307858e+05
  1.53061224e+00    3.70189123e+03
  1.54285714e+00    6.24874951e+01
  1.55510204e+00    1.05478168e+00
  1.56734694e+00    1.78045925e-02
  1.57959184e+00    3.00539459e-04
  1.59183673e+00    5.07307125e-06
  1.60408163e+00    8.56328550e-08
  1.61632653e+00    1.44547267e-09
  1.62857143e+00    2.43994112e-11
  1.64081633e+00    4.11859235e-13
  1.65306122e+00    6.95213617e-15
  1.66530612e+00    1.17351253e-16
  1.67755102e+00    1.98087556e-18
  1.68979592e+00    3.34369499e-20
  1.70204082e+00    5.64411841e-22
  1.71428571e+00    9.52720650e-24
  1.72653061e+00    1.60818142e-25
  1.73877551e+00    2.71459160e-27
  1.75102041e+00    4.58219918e-29
  1.76326531e+00    7.73469913e-31
  1.77551020e+00    1.30560825e-32
  1.78775510e+00    2.20385160e-34
  1.80000000e+00    3.72007598e-36
