1 43 45
13 44 43
15 45 44
43 44 45
12 46 48
14 47 46
13 48 47
46 47 48
6 49 51
15 50 49
14 51 50
49 50 51
13 47 44
14 50 47
15 44 50
47 50 44
1 45 53
15 52 45
17 53 52
45 52 53
6 54 49
16 55 54
15 49 55
54 55 49
2 56 58
17 57 56
16 58 57
56 57 58
15 55 52
16 57 55
17 52 57
55 57 52
1 53 60
17 59 53
19 60 59
53 59 60
2 61 56
18 62 61
17 56 62
61 62 56
8 63 65
19 64 63
18 65 64
63 64 65
17 62 59
18 64 62
19 59 64
62 64 59
1 60 67
19 66 60
21 67 66
60 66 67
8 68 63
20 69 68
19 63 69
68 69 63
11 70 72
21 71 70
20 72 71
70 71 72
19 69 66
20 71 69
21 66 71
69 71 66
1 67 43
21 73 67
13 43 73
67 73 43
11 74 70
22 75 74
21 70 75
74 75 70
12 48 77
13 76 48
22 77 76
48 76 77
21 75 73
22 76 75
13 73 76
75 76 73
2 58 79
16 78 58
24 79 78
58 78 79
6 80 54
23 81 80
16 54 81
80 81 54
10 82 84
24 83 82
23 84 83
82 83 84
16 81 78
23 83 81
24 78 83
81 83 78
6 51 86
14 85 51
26 86 85
51 85 86
12 87 46
25 88 87
14 46 88
87 88 46
5 89 91
26 90 89
25 91 90
89 90 91
14 88 85
25 90 88
26 85 90
88 90 85
12 77 93
22 92 77
28 93 92
77 92 93
11 94 74
27 95 94
22 74 95
94 95 74
3 96 98
28 97 96
27 98 97
96 97 98
22 95 92
27 97 95
28 92 97
95 97 92
11 72 100
20 99 72
30 100 99
72 99 100
8 101 68
29 102 101
20 68 102
101 102 68
7 103 105
30 104 103
29 105 104
103 104 105
20 102 99
29 104 102
30 99 104
102 104 99
8 65 107
18 106 65
32 107 106
65 106 107
2 108 61
31 109 108
18 61 109
108 109 61
9 110 112
32 111 110
31 112 111
110 111 112
18 109 106
31 111 109
32 106 111
109 111 106
4 113 115
33 114 113
35 115 114
113 114 115
10 116 118
34 117 116
33 118 117
116 117 118
5 119 121
35 120 119
34 121 120
119 120 121
33 117 114
34 120 117
35 114 120
117 120 114
4 115 123
35 122 115
37 123 122
115 122 123
5 124 119
36 125 124
35 119 125
124 125 119
3 126 128
37 127 126
36 128 127
126 127 128
35 125 122
36 127 125
37 122 127
125 127 122
4 123 130
37 129 123
39 130 129
123 129 130
3 131 126
38 132 131
37 126 132
131 132 126
7 133 135
39 134 133
38 135 134
133 134 135
37 132 129
38 134 132
39 129 134
132 134 129
4 130 137
39 136 130
41 137 136
130 136 137
7 138 133
40 139 138
39 133 139
138 139 133
9 140 142
41 141 140
40 142 141
140 141 142
39 139 136
40 141 139
41 136 141
139 141 136
4 137 113
41 143 137
33 113 143
137 143 113
9 144 140
42 145 144
41 140 145
144 145 140
10 118 147
33 146 118
42 147 146
118 146 147
41 145 143
42 146 145
33 143 146
145 146 143
5 121 89
34 148 121
26 89 148
121 148 89
10 84 116
23 149 84
34 116 149
84 149 116
6 86 80
26 150 86
23 80 150
86 150 80
34 149 148
23 150 149
26 148 150
149 150 148
3 128 96
36 151 128
28 96 151
128 151 96
5 91 124
25 152 91
36 124 152
91 152 124
12 93 87
28 153 93
25 87 153
93 153 87
36 152 151
25 153 152
28 151 153
152 153 151
7 135 103
38 154 135
30 103 154
135 154 103
3 98 131
27 155 98
38 131 155
98 155 131
11 100 94
30 156 100
27 94 156
100 156 94
38 155 154
27 156 155
30 154 156
155 156 154
9 142 110
40 157 142
32 110 157
142 157 110
7 105 138
29 158 105
40 138 158
105 158 138
8 107 101
32 159 107
29 101 159
107 159 101
40 158 157
29 159 158
32 157 159
158 159 157
10 147 82
42 160 147
24 82 160
147 160 82
9 112 144
31 161 112
42 144 161
112 161 144
2 79 108
24 162 79
31 108 162
79 162 108
42 161 160
31 162 161
24 160 162
161 162 160
