# Spin Glass MC Results T=1.50
# Columns: sweep  energy_density  magnetization_density  overlap  overlap_squared
     0      -1.26993823       0.03125000       0.40625000       0.16503906
     1      -1.42951587       0.15625000       0.34375000       0.11816406
     2      -1.26375947       0.06250000       0.34375000       0.11816406
     3      -1.26257095       0.06250000       0.43750000       0.19140625
     4      -1.22495644       0.09375000       0.46875000       0.21972656
     5      -1.37150587       0.15625000       0.46875000       0.21972656
     6      -1.43962367       0.06250000       0.40625000       0.16503906
     7      -1.39095590       0.09375000       0.43750000       0.19140625
     8      -1.42651799       0.12500000       0.31250000       0.09765625
     9      -1.37199460       0.18750000       0.37500000       0.14062500
    10      -1.48544593       0.06250000       0.40625000       0.16503906
    11      -1.33995555       0.03125000       0.06250000       0.00390625
    12      -1.30718238       0.00000000       0.25000000       0.06250000
    13      -1.38871785       0.15625000       0.15625000       0.02441406
    14      -1.21796710       0.00000000       0.25000000       0.06250000
    15      -1.37579515       0.12500000       0.37500000       0.14062500
    16      -1.23049556       0.18750000       0.46875000       0.21972656
    17      -1.38651019       0.12500000       0.34375000       0.11816406
    18      -1.44409097       0.09375000       0.65625000       0.43066406
    19      -1.24530715       0.18750000       0.43750000       0.19140625
    20      -1.19209768       0.09375000       0.43750000       0.19140625
    21      -1.37740053       0.00000000       0.40625000       0.16503906
    22      -1.40631690       0.15625000       0.56250000       0.31640625
    23      -1.31664932       0.06250000       0.59375000       0.35253906
    24      -1.39207420       0.09375000       0.71875000       0.51660156
    25      -1.31599294       0.06250000       0.53125000       0.28222656
    26      -1.19861345       0.09375000       0.56250000       0.31640625
    27      -1.19439214       0.06250000       0.34375000       0.11816406
    28      -1.23740436       0.09375000       0.15625000       0.02441406
    29      -0.95859387       0.15625000       0.40625000       0.16503906
    30      -1.20606218       0.21875000       0.28125000       0.07910156
    31      -1.26126006       0.06250000       0.43750000       0.19140625
    32      -1.35944426       0.00000000       0.62500000       0.39062500
    33      -1.34462531       0.03125000       0.46875000       0.21972656
    34      -1.15589385       0.15625000       0.40625000       0.16503906
    35      -1.35008793       0.12500000       0.37500000       0.14062500
    36      -1.23502064       0.09375000       0.28125000       0.07910156
    37      -1.11932116       0.03125000       0.34375000       0.11816406
    38      -1.21269095       0.09375000       0.53125000       0.28222656
    39      -1.40836213       0.18750000       0.65625000       0.43066406
    40      -1.38192454       0.15625000       0.28125000       0.07910156
    41      -1.33423158       0.21875000       0.28125000       0.07910156
    42      -1.42779492       0.03125000       0.53125000       0.28222656
    43      -1.28061412       0.15625000       0.43750000       0.19140625
    44      -1.29653560       0.06250000       0.56250000       0.31640625
    45      -1.30670432       0.18750000       0.46875000       0.21972656
    46      -1.46424295       0.21875000       0.68750000       0.47265625
    47      -1.40551864       0.15625000       0.53125000       0.28222656
    48      -1.49741468       0.03125000       0.68750000       0.47265625
    49      -1.36362471       0.00000000       0.50000000       0.25000000
    50      -1.35592879       0.03125000       0.65625000       0.43066406
    51      -1.45152232       0.15625000       0.71875000       0.51660156
    52      -1.23957310       0.06250000       0.62500000       0.39062500
    53      -1.26126051       0.15625000       0.56250000       0.31640625
    54      -1.27050498       0.06250000       0.78125000       0.61035156
    55      -1.22466747       0.12500000       0.56250000       0.31640625
    56      -1.40108219       0.00000000       0.43750000       0.19140625
    57      -1.35080783       0.06250000       0.46875000       0.21972656
    58      -1.38485441       0.06250000       0.28125000       0.07910156
    59      -1.30723139       0.06250000       0.53125000       0.28222656
    60      -1.30729113       0.12500000       0.43750000       0.19140625
    61      -1.25073813       0.00000000       0.46875000       0.21972656
    62      -1.26487372       0.00000000       0.59375000       0.35253906
    63      -1.31828091       0.03125000       0.71875000       0.51660156
    64      -1.36488092       0.18750000       0.46875000       0.21972656
    65      -1.39358769       0.15625000       0.43750000       0.19140625
    66      -1.40530225       0.21875000       0.43750000       0.19140625
    67      -1.22777537       0.03125000       0.59375000       0.35253906
    68      -1.19913038       0.09375000       0.56250000       0.31640625
    69      -1.27703483       0.03125000       0.68750000       0.47265625
    70      -1.25856520       0.03125000       0.71875000       0.51660156
    71      -1.07693119       0.18750000       0.53125000       0.28222656
    72      -1.44808201       0.03125000       0.78125000       0.61035156
    73      -1.28417424       0.12500000       0.56250000       0.31640625
    74      -1.35512619       0.15625000       0.46875000       0.21972656
    75      -1.32955380       0.09375000       0.53125000       0.28222656
    76      -1.34709351       0.18750000       0.46875000       0.21972656
    77      -1.34472713       0.09375000       0.43750000       0.19140625
    78      -1.31248337       0.15625000       0.50000000       0.25000000
    79      -1.34348729       0.25000000       0.46875000       0.21972656
    80      -1.22906308       0.09375000       0.25000000       0.06250000
    81      -1.32984824       0.21875000       0.43750000       0.19140625
    82      -1.35414838       0.09375000       0.46875000       0.21972656
    83      -1.30759863       0.06250000       0.50000000       0.25000000
    84      -1.25265704       0.21875000       0.50000000       0.25000000
    85      -1.11488296       0.03125000       0.56250000       0.31640625
    86      -1.23970055       0.15625000       0.53125000       0.28222656
    87      -1.25940885       0.15625000       0.56250000       0.31640625
    88      -0.94043172       0.09375000       0.43750000       0.19140625
    89      -1.02508728       0.06250000       0.09375000       0.00878906
    90      -1.11204327       0.15625000       0.12500000       0.01562500
    91      -1.16805581       0.06250000       0.25000000       0.06250000
    92      -1.13078850       0.12500000       0.46875000       0.21972656
    93      -1.24701462       0.18750000       0.71875000       0.51660156
    94      -1.39598094       0.15625000       0.56250000       0.31640625
    95      -1.41432441       0.21875000       0.75000000       0.56250000
    96      -1.30939424       0.00000000       0.68750000       0.47265625
    97      -1.38489384       0.06250000       0.53125000       0.28222656
    98      -1.28975301       0.06250000       0.40625000       0.16503906
    99      -1.10418986       0.03125000       0.18750000       0.03515625
   100      -1.12830758       0.21875000       0.34375000       0.11816406
   101      -1.26519634       0.03125000       0.43750000       0.19140625
   102      -1.24572487       0.03125000       0.28125000       0.07910156
   103      -1.38288750       0.12500000       0.62500000       0.39062500
   104      -1.37052883       0.15625000       0.59375000       0.35253906
   105      -1.29857351       0.09375000       0.53125000       0.28222656
   106      -1.34534748       0.21875000       0.43750000       0.19140625
   107      -1.32932863       0.12500000       0.46875000       0.21972656
   108      -1.29926583       0.09375000       0.43750000       0.19140625
   109      -1.35536248       0.09375000       0.40625000       0.16503906
   110      -1.44055652       0.15625000       0.40625000       0.16503906
   111      -1.41330271       0.00000000       0.43750000       0.19140625
   112      -1.27567170       0.12500000       0.50000000       0.25000000
   113      -1.41710381       0.12500000       0.46875000       0.21972656
   114      -1.29728849       0.03125000       0.56250000       0.31640625
   115      -1.41589834       0.18750000       0.43750000       0.19140625
   116      -1.35929543       0.25000000       0.59375000       0.35253906
   117      -1.30629497       0.15625000       0.56250000       0.31640625
   118      -1.33738224       0.15625000       0.78125000       0.61035156
   119      -1.41149617       0.15625000       0.75000000       0.56250000
   120      -1.39317372       0.09375000       0.75000000       0.56250000
   121      -1.35265322       0.12500000       0.75000000       0.56250000
   122      -1.33414131       0.09375000       0.62500000       0.39062500
   123      -1.34909503       0.12500000       0.65625000       0.43066406
   124      -1.43472068       0.09375000       0.71875000       0.51660156
   125      -1.33713501       0.03125000       0.50000000       0.25000000
   126      -1.21665203       0.25000000       0.53125000       0.28222656
   127      -1.18540144       0.03125000       0.59375000       0.35253906
   128      -1.40754629       0.03125000       0.78125000       0.61035156
   129      -1.35657829       0.03125000       0.75000000       0.56250000
   130      -1.26258147       0.09375000       0.78125000       0.61035156
   131      -1.16824217       0.28125000       0.65625000       0.43066406
   132      -1.30458532       0.12500000       0.56250000       0.31640625
   133      -1.22198113       0.09375000       0.75000000       0.56250000
   134      -1.14318012       0.21875000       0.71875000       0.51660156
   135      -1.24172516       0.31250000       0.43750000       0.19140625
   136      -1.09439793       0.18750000       0.34375000       0.11816406
   137      -0.99990610       0.09375000       0.34375000       0.11816406
   138      -1.11472633       0.09375000       0.25000000       0.06250000
   139      -1.07324964       0.09375000       0.34375000       0.11816406
   140      -1.26112888       0.09375000       0.37500000       0.14062500
   141      -1.16883137       0.03125000       0.46875000       0.21972656
   142      -1.24897548       0.06250000       0.37500000       0.14062500
   143      -1.30961906       0.15625000       0.53125000       0.28222656
   144      -1.32650797       0.03125000       0.31250000       0.09765625
   145      -1.45212692       0.18750000       0.59375000       0.35253906
   146      -1.37606993       0.12500000       0.43750000       0.19140625
   147      -1.40350966       0.00000000       0.53125000       0.28222656
   148      -1.34722064       0.15625000       0.37500000       0.14062500
   149      -1.21968994       0.12500000       0.65625000       0.43066406
   150      -1.30262658       0.09375000       0.50000000       0.25000000
   151      -1.29785401       0.03125000       0.62500000       0.39062500
   152      -1.27051802       0.15625000       0.50000000       0.25000000
   153      -1.38449045       0.06250000       0.56250000       0.31640625
   154      -1.35533909       0.09375000       0.43750000       0.19140625
   155      -1.25578007       0.12500000       0.37500000       0.14062500
   156      -1.16439092       0.12500000       0.37500000       0.14062500
   157      -1.18913170       0.18750000       0.59375000       0.35253906
   158      -1.28964668       0.15625000       0.37500000       0.14062500
   159      -1.31165508       0.25000000       0.46875000       0.21972656
   160      -1.29846010       0.12500000       0.37500000       0.14062500
   161      -1.41289604       0.03125000       0.46875000       0.21972656
   162      -1.35010889       0.03125000       0.50000000       0.25000000
   163      -1.27619405       0.00000000       0.65625000       0.43066406
   164      -1.19082979       0.00000000       0.43750000       0.19140625
   165      -1.42481374       0.00000000       0.46875000       0.21972656
   166      -1.38440486       0.09375000       0.43750000       0.19140625
   167      -1.31779265       0.03125000       0.43750000       0.19140625
   168      -1.39437249       0.09375000       0.56250000       0.31640625
   169      -1.36974810       0.12500000       0.37500000       0.14062500
   170      -1.26772433       0.03125000       0.31250000       0.09765625
   171      -1.26502748       0.00000000       0.34375000       0.11816406
   172      -1.24790827       0.21875000       0.40625000       0.16503906
   173      -1.14364407       0.15625000       0.50000000       0.25000000
   174      -1.28174129       0.12500000       0.65625000       0.43066406
   175      -1.25131391       0.00000000       0.37500000       0.14062500
   176      -1.11080627       0.03125000       0.37500000       0.14062500
   177      -1.27409199       0.12500000       0.37500000       0.14062500
   178      -1.28973295       0.12500000       0.53125000       0.28222656
   179      -1.32567800       0.03125000       0.56250000       0.31640625
   180      -1.13665766       0.12500000       0.46875000       0.21972656
   181      -1.25052964       0.18750000       0.50000000       0.25000000
   182      -1.24463559       0.06250000       0.56250000       0.31640625
   183      -1.21032426       0.00000000       0.34375000       0.11816406
   184      -0.95854319       0.12500000       0.34375000       0.11816406
   185      -1.06197297       0.12500000       0.18750000       0.03515625
   186      -1.19418780       0.12500000       0.40625000       0.16503906
   187      -1.31542904       0.15625000       0.62500000       0.39062500
   188      -1.26530675       0.03125000       0.31250000       0.09765625
   189      -1.13810897       0.03125000       0.56250000       0.31640625
   190      -1.31090331       0.15625000       0.68750000       0.47265625
   191      -1.37961174       0.06250000       0.56250000       0.31640625
   192      -1.33319245       0.06250000       0.53125000       0.28222656
   193      -1.28085627       0.00000000       0.59375000       0.35253906
   194      -1.26693573       0.00000000       0.50000000       0.25000000
   195      -1.34147096       0.03125000       0.37500000       0.14062500
   196      -1.23986968       0.03125000       0.50000000       0.25000000
   197      -1.23533872       0.09375000       0.46875000       0.21972656
   198      -1.38070315       0.15625000       0.65625000       0.43066406
   199      -1.34811515       0.03125000       0.68750000       0.47265625
   200      -1.36874518       0.09375000       0.65625000       0.43066406
   201      -1.22667425       0.00000000       0.71875000       0.51660156
   202      -1.35436643       0.09375000       0.71875000       0.51660156
   203      -1.19925575       0.21875000       0.68750000       0.47265625
   204      -1.19410937       0.09375000       0.53125000       0.28222656
   205      -1.40916263       0.09375000       0.56250000       0.31640625
   206      -1.33958783       0.06250000       0.68750000       0.47265625
   207      -1.30515859       0.06250000       0.71875000       0.51660156
   208      -1.48555980       0.09375000       0.71875000       0.51660156
   209      -1.38237962       0.12500000       0.46875000       0.21972656
   210      -1.31564891       0.12500000       0.43750000       0.19140625
   211      -1.37144169       0.12500000       0.34375000       0.11816406
   212      -1.24003669       0.06250000       0.43750000       0.19140625
   213      -1.24941641       0.06250000       0.18750000       0.03515625
   214      -1.30989172       0.03125000       0.34375000       0.11816406
   215      -1.26729829       0.09375000       0.46875000       0.21972656
   216      -1.41977588       0.03125000       0.59375000       0.35253906
   217      -1.18781525       0.00000000       0.62500000       0.39062500
   218      -1.14542523       0.06250000       0.56250000       0.31640625
   219      -1.10764250       0.06250000       0.40625000       0.16503906
   220      -1.15936021       0.15625000       0.68750000       0.47265625
   221      -1.31590883       0.00000000       0.59375000       0.35253906
   222      -1.33012033       0.12500000       0.43750000       0.19140625
   223      -1.24196043       0.18750000       0.46875000       0.21972656
   224      -1.17657425       0.18750000       0.53125000       0.28222656
   225      -1.20199005       0.03125000       0.46875000       0.21972656
   226      -1.34330555       0.03125000       0.68750000       0.47265625
   227      -1.32874923       0.03125000       0.59375000       0.35253906
   228      -1.20817963       0.15625000       0.59375000       0.35253906
   229      -1.39352136       0.12500000       0.71875000       0.51660156
   230      -1.43252978       0.09375000       0.68750000       0.47265625
   231      -1.40066079       0.09375000       0.75000000       0.56250000
   232      -1.30558050       0.03125000       0.62500000       0.39062500
   233      -1.43551120       0.06250000       0.56250000       0.31640625
   234      -1.28538017       0.12500000       0.43750000       0.19140625
   235      -1.14866365       0.12500000       0.59375000       0.35253906
   236      -1.40308680       0.12500000       0.59375000       0.35253906
   237      -1.35530826       0.03125000       0.43750000       0.19140625
   238      -1.19827086       0.18750000       0.59375000       0.35253906
   239      -1.34869418       0.09375000       0.68750000       0.47265625
   240      -1.22193290       0.12500000       0.37500000       0.14062500
   241      -1.39954489       0.18750000       0.62500000       0.39062500
   242      -1.32926137       0.00000000       0.50000000       0.25000000
   243      -1.31587463       0.03125000       0.46875000       0.21972656
   244      -1.12996508       0.00000000       0.59375000       0.35253906
   245      -1.13679466       0.06250000       0.25000000       0.06250000
   246      -1.14568949       0.09375000       0.25000000       0.06250000
   247      -1.17114061       0.06250000       0.78125000       0.61035156
   248      -1.19575585       0.12500000       0.43750000       0.19140625
   249      -1.17762816       0.09375000       0.34375000       0.11816406
   250      -1.17109256       0.06250000       0.37500000       0.14062500
   251      -0.87416439       0.00000000       0.09375000       0.00878906
   252      -0.97933174       0.12500000       0.15625000       0.02441406
   253      -0.88156804       0.06250000       0.25000000       0.06250000
   254      -1.09200877       0.25000000      -0.12500000       0.01562500
   255      -1.02514393       0.06250000      -0.18750000       0.03515625
   256      -0.98260275       0.15625000       0.15625000       0.02441406
   257      -1.08584812       0.00000000      -0.12500000       0.01562500
   258      -1.02710774       0.21875000      -0.03125000       0.00097656
   259      -0.84434942       0.03125000      -0.09375000       0.00878906
   260      -1.01597952       0.00000000       0.21875000       0.04785156
   261      -1.07481840       0.03125000       0.00000000       0.00000000
   262      -1.18058840       0.03125000       0.12500000       0.01562500
   263      -0.97241005       0.06250000       0.18750000       0.03515625
   264      -1.12606926       0.06250000       0.09375000       0.00878906
   265      -1.03959576       0.00000000       0.21875000       0.04785156
   266      -1.18609194       0.03125000       0.18750000       0.03515625
   267      -1.14403522       0.21875000       0.12500000       0.01562500
   268      -1.15866593       0.03125000      -0.06250000       0.00390625
   269      -1.27460869       0.03125000       0.28125000       0.07910156
   270      -1.19746533       0.00000000      -0.03125000       0.00097656
   271      -1.10937921       0.00000000      -0.03125000       0.00097656
   272      -1.14122246       0.03125000       0.28125000       0.07910156
   273      -1.02210360       0.12500000       0.03125000       0.00097656
   274      -1.37090493       0.15625000       0.65625000       0.43066406
   275      -1.22989078       0.00000000       0.56250000       0.31640625
   276      -1.42341413       0.03125000       0.43750000       0.19140625
   277      -1.33368201       0.15625000       0.50000000       0.25000000
   278      -1.35680522       0.06250000       0.37500000       0.14062500
   279      -1.44536019       0.15625000       0.46875000       0.21972656
   280      -1.33420637       0.21875000       0.43750000       0.19140625
   281      -1.27135957       0.09375000       0.65625000       0.43066406
   282      -1.36475207       0.03125000       0.68750000       0.47265625
   283      -1.28387794       0.00000000       0.28125000       0.07910156
   284      -1.40533626       0.06250000       0.53125000       0.28222656
   285      -1.41687299       0.03125000       0.68750000       0.47265625
   286      -1.34996699       0.18750000       0.37500000       0.14062500
   287      -1.47863804       0.09375000       0.46875000       0.21972656
   288      -1.47776223       0.09375000       0.53125000       0.28222656
   289      -1.31158048       0.03125000       0.71875000       0.51660156
   290      -1.29179321       0.06250000       0.43750000       0.19140625
   291      -1.37912106       0.15625000       0.59375000       0.35253906
   292      -1.21327987       0.06250000       0.56250000       0.31640625
   293      -1.32096751       0.12500000       0.65625000       0.43066406
   294      -1.32595688       0.21875000       0.43750000       0.19140625
   295      -1.35537124       0.06250000       0.59375000       0.35253906
   296      -1.36237001       0.25000000       0.56250000       0.31640625
   297      -1.43292499       0.03125000       0.78125000       0.61035156
   298      -1.38992516       0.15625000       0.81250000       0.66015625
   299      -1.33761647       0.15625000       0.78125000       0.61035156

# Summary Statistics
# beta = 0.666667
# <E>/N = -1.27739146
# Var(E)/N = 0.01421015
# <|m|> = 0.09750000
# <q> = 0.47125000
# <q^2> = 0.25621745
# Binder cumulant g = 0.81506247
# chi_SG = 16.39791667
# C_V = 0.40555169
# Acceptance ratio = 0.195573
# tau_int(E) = 1.9486
# tau_int(q) = 0.3674
