# Hessian Spectral Analysis
# 
# lambda_min = -5.12842804
# lambda_max = 13.12842804
# n_negative_modes = 12
# condition_number = 9.7796e+01
#
# DOS moments:
#   M_1 = 2.19416020
#   M_2 = 5.44805785
#   M_3 = 14.57609151
#   M_4 = 41.05928698
#
# Eigenvalues (sorted ascending):
     0       -5.1284280403
     1       -4.5580066775
     2       -3.4997926586
     3       -3.1899144502
     4       -2.6542356491
     5       -2.3455879035
     6       -1.6744886839
     7       -1.4764058329
     8       -1.0803900174
     9       -0.9085774484
    10       -0.6114678186
    11       -0.1717128747
    12        0.1342426157
    13        0.2919830790
    14        0.4673111881
    15        0.7781833929
    16        1.0770831136
    17        1.1224743755
    18        1.4005104505
    19        1.6457714222
    20        1.8666747202
    21        2.0153540098
    22        2.1894030747
    23        2.4602193956
    24        2.6262228643
    25        2.6734932523
    26        2.9036570153
    27        3.4317884731
    28        3.5158184737
    29        3.5903526354
    30        3.7952898396
    31        3.9350617470
    32        4.0649382530
    33        4.2047101604
    34        4.4096473646
    35        4.4841815263
    36        4.5682115269
    37        5.0963429847
    38        5.3265067477
    39        5.3737771357
    40        5.5397806044
    41        5.8105969253
    42        5.9846459902
    43        6.1333252798
    44        6.3542285778
    45        6.5994895495
    46        6.8775256245
    47        6.9229168864
    48        7.2218166071
    49        7.5326888119
    50        7.7080169210
    51        7.8657573843
    52        8.1717128747
    53        8.6114678186
    54        8.9085774484
    55        9.0803900174
    56        9.4764058329
    57        9.6744886839
    58       10.3455879035
    59       10.6542356491
    60       11.1899144502
    61       11.4997926586
    62       12.5580066775
    63       13.1284280403

# DOS: omega  g(omega)
    0.000000       0.00672294
    0.043919       0.01011909
    0.087838       0.01460768
    0.131757       0.02025022
    0.175676       0.02699782
    0.219595       0.03467492
    0.263514       0.04298596
    0.307433       0.05154685
    0.351352       0.05993610
    0.395271       0.06775584
    0.439190       0.07469094
    0.483109       0.08055645
    0.527028       0.08532663
    0.570947       0.08914220
    0.614866       0.09229434
    0.658785       0.09518510
    0.702704       0.09826669
    0.746623       0.10196665
    0.790542       0.10661190
    0.834461       0.11236946
    0.878380       0.11922088
    0.922299       0.12698070
    0.966218       0.13535606
    1.010137       0.14403105
    1.054056       0.15274961
    1.097975       0.16137082
    1.141894       0.16987927
    1.185813       0.17835011
    1.229732       0.18688380
    1.273651       0.19553660
    1.317570       0.20427311
    1.361489       0.21295952
    1.405408       0.22140220
    1.449327       0.22942197
    1.493246       0.23694247
    1.537165       0.24406351
    1.581084       0.25109027
    1.625003       0.25849662
    1.668922       0.26681827
    1.712841       0.27649486
    1.756760       0.28770401
    1.800679       0.30024267
    1.844598       0.31350561
    1.888517       0.32658332
    1.932436       0.33846199
    1.976355       0.34826986
    2.020274       0.35549378
    2.064193       0.36009713
    2.108112       0.36250215
    2.152031       0.36344594
    2.195950       0.36376056
    2.239869       0.36414967
    2.283788       0.36502830
    2.327707       0.36646454
    2.371626       0.36822305
    2.415545       0.36987813
    2.459464       0.37094869
    2.503383       0.37101213
    2.547302       0.36977324
    2.591221       0.36708556
    2.635140       0.36293804
    2.679059       0.35742408
    2.722978       0.35070602
    2.766897       0.34298105
    2.810816       0.33445014
    2.854735       0.32529131
    2.898654       0.31564022
    2.942573       0.30558234
    2.986492       0.29515809
    3.030411       0.28437765
    3.074330       0.27323817
    3.118249       0.26173586
    3.162168       0.24986920
    3.206087       0.23763507
    3.250006       0.22502302
    3.293925       0.21201241
    3.337844       0.19857423
    3.381763       0.18467650
    3.425682       0.17029235
    3.469601       0.15541166
    3.513520       0.14005896
    3.557439       0.12431775
    3.601358       0.10835599
    3.645277       0.09244205
    3.689196       0.07693871
    3.733115       0.06226897
    3.777034       0.04885744
    3.820953       0.03706215
    3.864872       0.02711619
    3.908791       0.01909563
    3.952710       0.01292113
    3.996629       0.00838905
    4.040548       0.00521996
    4.084467       0.00310997
    4.128386       0.00177276
    4.172305       0.00096623
    4.216224       0.00050331
    4.260143       0.00025046
    4.304062       0.00011902
    4.347981       0.00005400
